%%MatrixMarket matrix coordinate real general
9287 9287 98519
1 1  7.8439588799371e-02
4 1 -3.1035297806531e-02
37 1 -1.0666144737291e-03
38 1 -1.4421564742803e-03
59 1  1.0666144737291e-03
60 1  1.4421564742803e-03
108 1  1.7501506964844e-02
112 1 -8.7229686041739e-03
2 2  7.8440745184002e-02
5 2 -3.1034967220155e-02
37 2 -5.5547569029619e-03
38 2  5.5547569029619e-03
59 2 -5.8589691443451e-03
60 2  5.8589691443452e-03
109 2  1.7501803766338e-02
113 2 -8.7228837547842e-03
3 3  7.8440745184002e-02
6 3 -3.1034967220155e-02
110 3  1.7501803766338e-02
114 3 -8.7228837547842e-03
1 4 -3.1035297806531e-02
4 4  6.0892314127532e-02
7 4 -2.2651967181825e-02
38 4 -1.4459429551887e-03
39 4 -1.9580501496564e-03
60 4  1.4459429551886e-03
61 4  1.9580501496564e-03
108 4 -8.7229686041739e-03
112 4  1.2059109580678e-02
116 4 -6.8426467640211e-03
2 5 -3.1034967220155e-02
5 5  6.0893858052924e-02
8 5 -2.2651526311621e-02
38 5 -5.5986252700590e-03
39 5  5.5986252700589e-03
60 5 -5.9052400097897e-03
61 5  5.9052400097898e-03
109 5 -8.7228837547842e-03
113 5  1.2059505849661e-02
117 5 -6.8425336088205e-03
3 6 -3.1034967220155e-02
6 6  6.0893858052924e-02
9 6 -2.2651526311621e-02
110 6 -8.7228837547842e-03
114 6  1.2059505849661e-02
118 6 -6.8425336088205e-03
4 7 -2.2651967181825e-02
7 7  4.8647252723414e-02
10 7 -1.6192806815376e-02
39 7 -1.9649091604635e-03
40 7 -2.6662278866093e-03
61 7  1.9649091604635e-03
62 7  2.6662278866093e-03
112 7 -6.8426467640211e-03
116 7  7.6297290301264e-03
120 7 -5.5576879513024e-03
5 8 -2.2651526311621e-02
8 8  4.8649308556767e-02
11 8 -1.6192220656541e-02
39 8 -5.6576677141347e-03
40 8  5.6576677141346e-03
61 8 -5.9675159768733e-03
62 8  5.9675159768733e-03
113 8 -6.8425336088205e-03
117 8  7.6302566870955e-03
121 8 -5.5575375058424e-03
6 9 -2.2651526311621e-02
9 9  4.8649308556767e-02
12 9 -1.6192220656541e-02
114 9 -6.8425336088205e-03
118 9  7.6302566870955e-03
122 9 -5.5575375058424e-03
7 10 -1.6192806815376e-02
10 10  4.0649176775033e-02
13 10 -1.1072644719353e-02
40 10 -2.6786526233033e-03
41 10 -3.6444282544419e-03
62 10  2.6786526233033e-03
63 10  3.6444282544419e-03
116 10 -5.5576879513024e-03
120 10  3.8033861379633e-03
124 10 -4.7592013019269e-03
8 11 -1.6192220656541e-02
11 11  4.0651904617381e-02
14 11 -1.1071868497328e-02
40 11 -5.7371329506415e-03
41 11  5.7371329506415e-03
62 11 -6.0513332126004e-03
63 11  6.0513332126004e-03
117 11 -5.5575375058424e-03
121 11  3.8040862749774e-03
125 11 -4.7590020742220e-03
9 12 -1.6192220656541e-02
12 12  4.0651904617381e-02
15 12 -1.1071868497328e-02
118 12 -5.5575375058424e-03
122 12  3.8040862749774e-03
126 12 -4.7590020742220e-03
10 13 -1.1072644719353e-02
13 13  3.6247446665875e-02
16 13 -6.8164408602625e-03
41 13 -3.6669350100569e-03
42 13 -5.0063902298918e-03
63 13  3.6669350100569e-03
64 13  5.0063902298918e-03
120 13 -4.7592013019269e-03
124 13  2.1054928098262e-04
128 13 -4.3858740530392e-03
11 14 -1.1071868497328e-02
14 14  3.6251049553276e-02
17 14 -6.8154182746726e-03
41 14 -5.8440852266303e-03
42 14  5.8440852266304e-03
63 14 -6.1641428451158e-03
64 14  6.1641428451158e-03
121 14 -4.7590020742220e-03
125 14  2.1147400994600e-04
129 14 -4.3856115928490e-03
12 15 -1.1071868497328e-02
15 15  3.6251049553276e-02
18 15 -6.8154182746726e-03
122 15 -4.7590020742220e-03
126 15  2.1147400994600e-04
130 15 -4.3856115928490e-03
13 16 -6.8164408602625e-03
16 16  3.5160114679145e-02
19 16 -3.0098355317320e-03
42 16 -5.0471600329423e-03
43 16 -6.9216980807145e-03
64 16  5.0471600329423e-03
65 16  6.9216980807145e-03
124 16 -4.3858740530392e-03
128 16 -3.5213949574192e-03
132 16 -4.4220362944706e-03
14 17 -6.8154182746726e-03
17 17  3.5164845024458e-02
20 17 -3.0084973758377e-03
42 17 -5.9880323167534e-03
43 17  5.9880323167535e-03
64 17 -6.3159733525859e-03
65 17  6.3159733525859e-03
125 17 -4.3856115928490e-03
129 17 -3.5201808513896e-03
133 17 -4.4216928389653e-03
15 18 -6.8154182746726e-03
18 18  3.5164845024458e-02
21 18 -3.0084973758377e-03
126 18 -4.3856115928490e-03
130 18 -3.5201808513896e-03
134 18 -4.4216928389653e-03
16 19 -3.0098355317320e-03
19 19  3.7488609605461e-02
22 19  7.5077164736155e-04
43 19 -6.9955504311872e-03
44 19 -9.6484902137780e-03
65 19  6.9955504311871e-03
66 19  9.6484902137780e-03
128 19 -4.4220362944706e-03
132 19 -7.8206112857694e-03
136 19 -4.9026353423869e-03
17 20 -3.0084973758377e-03
20 20  3.7494773047620e-02
23 20  7.5250793266758e-04
43 20 -6.1817707326229e-03
44 20  6.1817707326229e-03
65 20 -6.5203220613562e-03
66 20  6.5203220613563e-03
129 20 -4.4216928389653e-03
133 20 -7.8190293563765e-03
137 20 -4.9021897016737e-03
18 21 -3.0084973758377e-03
21 21  3.7494773047620e-02
24 21  7.5250793266758e-04
130 21 -4.4216928389653e-03
134 21 -7.8190293563765e-03
138 21 -4.9021897016737e-03
19 22  7.5077164736155e-04
22 22  4.2034848920325e-02
25 22  3.0061613503779e-03
44 22 -9.7822698568888e-03
45 22 -1.1851851839815e-02
66 22  9.7822698568888e-03
67 22  1.1851851839815e-02
132 22 -4.9026353423869e-03
136 22 -1.1890191714129e-02
140 22 -5.4928153054990e-03
20 23  7.5250793266758e-04
23 23  4.2042241101674e-02
26 23  3.0081163544743e-03
44 23 -6.4425233039999e-03
45 23  6.4425233039999e-03
66 23 -6.7953550280000e-03
67 23  6.7953550280000e-03
133 23 -4.9021897016737e-03
137 23 -1.1888294412483e-02
141 23 -5.4923135276996e-03
21 24  7.5250793266758e-04
24 24  4.2042241101674e-02
27 24  3.0081163544743e-03
134 24 -4.9021897016737e-03
138 24 -1.1888294412483e-02
142 24 -5.4923135276996e-03
22 25  3.0061613503779e-03
25 25  4.5588096763199e-02
28 25  3.1459828520871e-03
45 25 -1.2037037024630e-02
46 25 -1.2407407432038e-02
67 25  1.2037037024630e-02
68 25  1.2407407432038e-02
136 25 -5.4928153054990e-03
140 25 -1.3939488771470e-02
144 25 -5.7482950957919e-03
23 26  3.0081163544743e-03
26 26  4.5595738990708e-02
29 26  3.1478509378426e-03
45 26 -6.7493101276932e-03
46 26  6.7493101276931e-03
67 26 -7.1189433623431e-03
68 26  7.1189433623431e-03
137 26 -5.4923135276996e-03
141 26 -1.3937527292151e-02
145 26 -5.7478156267406e-03
24 27  3.0081163544743e-03
27 27  4.5595738990708e-02
30 27  3.1478509378426e-03
138 27 -5.4923135276996e-03
142 27 -1.3937527292151e-02
146 27 -5.7478156267406e-03
25 28  3.1459828520871e-03
28 28  4.7660282981541e-02
31 28  3.2858042668385e-03
46 28 -1.2592592617964e-02
47 28 -1.2962962950370e-02
68 28  1.2592592617964e-02
69 28  1.2962962950370e-02
140 28 -5.7482950957919e-03
144 28 -1.4573101897571e-02
148 28 -6.0037748690686e-03
26 29  3.1478509378426e-03
29 29  4.7667592831101e-02
32 29  3.2875928350502e-03
46 29 -7.0560969523067e-03
47 29  7.0560969523068e-03
68 29 -7.4425316976570e-03
69 29  7.4425316976570e-03
141 29 -5.7478156267406e-03
145 29 -1.4571225727473e-02
149 29 -6.0033158092523e-03
27 30  3.1478509378426e-03
30 30  4.7667592831101e-02
33 30  3.2875928350502e-03
142 30 -5.7478156267406e-03
146 30 -1.4571225727473e-02
150 30 -6.0033158092523e-03
28 31  3.2858042668385e-03
31 31  4.9732469158905e-02
34 31  3.4256257248590e-03
47 31 -1.3148148135185e-02
48 31 -1.3518518504815e-02
69 31  1.3148148135185e-02
70 31  1.3518518504815e-02
144 31 -6.0037748690686e-03
148 31 -1.5206714991358e-02
152 31 -6.2592546504702e-03
29 32  3.2875928350502e-03
32 32  4.9739474341249e-02
35 32  3.4273412695824e-03
47 32 -7.3628837760000e-03
48 32  7.3628837759999e-03
69 32 -7.7661200320001e-03
70 32  7.7661200320000e-03
145 32 -6.0033158092523e-03
149 32 -1.5204917018153e-02
153 32 -6.2588143331032e-03
30 33  3.2875928350502e-03
33 33  4.9739474341249e-02
36 33  3.4273412695824e-03
146 33 -6.0033158092523e-03
150 33 -1.5204917018153e-02
154 33 -6.2588143331032e-03
31 34  3.4256257248590e-03
34 34  5.1804655412847e-02
48 34 -1.3703703689630e-02
49 34 -1.4074074102036e-02
70 34  1.3703703689630e-02
71 34  3.5654472323637e-03
74 34  1.4074074102036e-02
148 34 -6.2592546504702e-03
152 34 -1.5840328149404e-02
156 34 -6.5147344418972e-03
32 35  3.4273412695824e-03
35 35  5.1811380311555e-02
48 35 -7.6696705996932e-03
49 35  7.6696705996931e-03
70 35 -8.0897083663431e-03
72 35  3.5670954832305e-03
74 35  8.0897083663431e-03
149 35 -6.2588143331032e-03
153 35 -1.5838602114722e-02
157 35 -6.5143113963934e-03
33 36  3.4273412695824e-03
36 36  5.1811380311555e-02
73 36  3.5670954832305e-03
150 36 -6.2588143331032e-03
154 36 -1.5838602114722e-02
158 36 -6.5143113963934e-03
1 37 -1.0666144737291e-03
2 37 -5.5547569029619e-03
37 37  0.0000000000000e+00
1 38 -1.4421564742803e-03
2 38  5.5547569029619e-03
4 38 -1.4459429551887e-03
5 38 -5.5986252700590e-03
38 38  0.0000000000000e+00
4 39 -1.9580501496564e-03
5 39  5.5986252700589e-03
7 39 -1.9649091604635e-03
8 39 -5.6576677141347e-03
39 39  0.0000000000000e+00
7 40 -2.6662278866093e-03
8 40  5.6576677141346e-03
10 40 -2.6786526233033e-03
11 40 -5.7371329506415e-03
40 40  0.0000000000000e+00
10 41 -3.6444282544419e-03
11 41  5.7371329506415e-03
13 41 -3.6669350100569e-03
14 41 -5.8440852266303e-03
41 41  0.0000000000000e+00
13 42 -5.0063902298918e-03
14 42  5.8440852266304e-03
16 42 -5.0471600329423e-03
17 42 -5.9880323167534e-03
42 42  0.0000000000000e+00
16 43 -6.9216980807145e-03
17 43  5.9880323167535e-03
19 43 -6.9955504311872e-03
20 43 -6.1817707326229e-03
43 43  0.0000000000000e+00
19 44 -9.6484902137780e-03
20 44  6.1817707326229e-03
22 44 -9.7822698568888e-03
23 44 -6.4425233039999e-03
44 44  0.0000000000000e+00
22 45 -1.1851851839815e-02
23 45  6.4425233039999e-03
25 45 -1.2037037024630e-02
26 45 -6.7493101276932e-03
45 45  0.0000000000000e+00
25 46 -1.2407407432038e-02
26 46  6.7493101276931e-03
28 46 -1.2592592617964e-02
29 46 -7.0560969523067e-03
46 46  0.0000000000000e+00
28 47 -1.2962962950370e-02
29 47  7.0560969523068e-03
31 47 -1.3148148135185e-02
32 47 -7.3628837760000e-03
47 47  0.0000000000000e+00
31 48 -1.3518518504815e-02
32 48  7.3628837759999e-03
34 48 -1.3703703689630e-02
35 48 -7.6696705996932e-03
48 48  0.0000000000000e+00
34 49 -1.4074074102036e-02
35 49  7.6696705996931e-03
49 49  0.0000000000000e+00
71 49 -1.4259259287962e-02
72 49 -7.9764574243066e-03
50 50  0.0000000000000e+00
71 50 -1.4629629615370e-02
72 50  7.9764574243068e-03
75 50 -1.4814814800185e-02
76 50 -8.2832442479999e-03
51 51  0.0000000000000e+00
75 51 -1.2882986143112e-02
76 51  8.2832442479999e-03
79 51 -1.3016765786223e-02
80 51 -8.5439968193769e-03
52 52  0.0000000000000e+00
79 52 -9.8446700488132e-03
80 52  8.5439968193768e-03
83 52 -9.9185223992859e-03
84 52 -8.7377352352463e-03
53 53  0.0000000000000e+00
83 53 -7.4650757270569e-03
84 53  8.7377352352464e-03
87 53 -7.5058455301074e-03
88 53 -8.8816823253695e-03
54 54  0.0000000000000e+00
87 54 -5.6296203499435e-03
88 54  8.8816823253695e-03
91 54 -5.6521271055585e-03
92 54 -8.9886346013583e-03
55 55  0.0000000000000e+00
91 55 -4.2286615366968e-03
92 55  8.9886346013582e-03
95 55 -4.2410862733908e-03
96 55 -9.0680998378652e-03
56 56  0.0000000000000e+00
95 56 -3.1672055595344e-03
96 56  9.0680998378651e-03
99 56 -3.1740645703415e-03
100 56 -9.1271422819408e-03
57 57  0.0000000000000e+00
99 57 -2.3672036048116e-03
100 57  9.1271422819409e-03
103 57 -2.3709900857200e-03
104 57 -9.1710106490379e-03
58 58  0.0000000000000e+00
103 58 -1.7665424862708e-03
104 58  9.1710106490379e-03
1 59  1.0666144737291e-03
2 59 -5.8589691443451e-03
59 59  0.0000000000000e+00
108 59 -1.0666144737291e-03
109 59 -5.8589691443451e-03
1 60  1.4421564742803e-03
2 60  5.8589691443452e-03
4 60  1.4459429551886e-03
5 60 -5.9052400097897e-03
60 60  0.0000000000000e+00
108 60 -1.4421564742803e-03
109 60  5.8589691443452e-03
112 60 -1.4459429551886e-03
113 60 -5.9052400097897e-03
4 61  1.9580501496564e-03
5 61  5.9052400097898e-03
7 61  1.9649091604635e-03
8 61 -5.9675159768733e-03
61 61  0.0000000000000e+00
112 61 -1.9580501496564e-03
113 61  5.9052400097898e-03
116 61 -1.9649091604635e-03
117 61 -5.9675159768733e-03
7 62  2.6662278866093e-03
8 62  5.9675159768733e-03
10 62  2.6786526233033e-03
11 62 -6.0513332126004e-03
62 62  0.0000000000000e+00
116 62 -2.6662278866093e-03
117 62  5.9675159768733e-03
120 62 -2.6786526233033e-03
121 62 -6.0513332126004e-03
10 63  3.6444282544419e-03
11 63  6.0513332126004e-03
13 63  3.6669350100569e-03
14 63 -6.1641428451158e-03
63 63  0.0000000000000e+00
120 63 -3.6444282544419e-03
121 63  6.0513332126003e-03
124 63 -3.6669350100569e-03
125 63 -6.1641428451157e-03
13 64  5.0063902298918e-03
14 64  6.1641428451158e-03
16 64  5.0471600329423e-03
17 64 -6.3159733525859e-03
64 64  0.0000000000000e+00
124 64 -5.0063902298918e-03
125 64  6.1641428451158e-03
128 64 -5.0471600329423e-03
129 64 -6.3159733525859e-03
16 65  6.9216980807145e-03
17 65  6.3159733525859e-03
19 65  6.9955504311871e-03
20 65 -6.5203220613562e-03
65 65  0.0000000000000e+00
128 65 -6.9216980807145e-03
129 65  6.3159733525859e-03
132 65 -6.9955504311871e-03
133 65 -6.5203220613562e-03
19 66  9.6484902137780e-03
20 66  6.5203220613563e-03
22 66  9.7822698568888e-03
23 66 -6.7953550280000e-03
66 66  0.0000000000000e+00
132 66 -9.6484902137780e-03
133 66  6.5203220613563e-03
136 66 -9.7822698568888e-03
137 66 -6.7953550280000e-03
22 67  1.1851851839815e-02
23 67  6.7953550280000e-03
25 67  1.2037037024630e-02
26 67 -7.1189433623431e-03
67 67  0.0000000000000e+00
136 67 -1.1851851839815e-02
137 67  6.7953550280000e-03
140 67 -1.2037037024630e-02
141 67 -7.1189433623431e-03
25 68  1.2407407432038e-02
26 68  7.1189433623431e-03
28 68  1.2592592617964e-02
29 68 -7.4425316976570e-03
68 68  0.0000000000000e+00
140 68 -1.2407407432038e-02
141 68  7.1189433623431e-03
144 68 -1.2592592617964e-02
145 68 -7.4425316976570e-03
28 69  1.2962962950370e-02
29 69  7.4425316976570e-03
31 69  1.3148148135185e-02
32 69 -7.7661200320001e-03
69 69  0.0000000000000e+00
144 69 -1.2962962950370e-02
145 69  7.4425316976570e-03
148 69 -1.3148148135185e-02
149 69 -7.7661200320001e-03
31 70  1.3518518504815e-02
32 70  7.7661200320000e-03
34 70  1.3703703689630e-02
35 70 -8.0897083663431e-03
70 70  0.0000000000000e+00
148 70 -1.3518518504815e-02
149 70  7.7661200320000e-03
152 70 -1.3703703689630e-02
153 70 -8.0897083663431e-03
34 71  3.5654472323637e-03
49 71 -1.4259259287962e-02
50 71 -1.4629629615370e-02
71 71  5.3876841631189e-02
74 71  1.4259259287962e-02
75 71  3.7052686413196e-03
78 71  1.4629629615370e-02
152 71 -6.5147344418972e-03
156 71 -1.6473941275506e-02
160 71 -6.7702142140397e-03
35 72  3.5670954832305e-03
49 72 -7.9764574243066e-03
50 72  7.9764574243068e-03
72 72  5.3883307814843e-02
74 72 -8.4132967016569e-03
76 72  3.7068546789828e-03
78 72  8.4132967016569e-03
153 72 -6.5143113963934e-03
157 72 -1.6472281643482e-02
161 72 -6.7698071363820e-03
36 73  3.5670954832305e-03
73 73  5.3883307814843e-02
77 73  3.7068546789828e-03
154 73 -6.5143113963934e-03
158 73 -1.6472281643482e-02
162 73 -6.7698071363820e-03
34 74  1.4074074102036e-02
35 74  8.0897083663431e-03
71 74  1.4259259287962e-02
72 74 -8.4132967016569e-03
74 74  0.0000000000000e+00
152 74 -1.4074074102036e-02
153 74  8.0897083663431e-03
156 74 -1.4259259287962e-02
157 74 -8.4132967016569e-03
50 75 -1.4814814800185e-02
51 75 -1.2882986143112e-02
71 75  3.7052686413196e-03
75 75  5.3920454502649e-02
78 75  1.4814814800185e-02
79 75  1.0007225322923e-03
82 75  1.2882986143112e-02
156 75 -6.7702142140397e-03
160 75 -1.5226870899661e-02
164 75 -6.5348467433082e-03
50 76 -8.2832442479999e-03
51 76  8.2832442479999e-03
72 76  3.7068546789828e-03
76 76  5.3926221899813e-02
78 76 -8.7368850359999e-03
80 76  1.0020250639065e-03
82 76  8.7368850359999e-03
157 76 -6.7698071363820e-03
161 76 -1.5225390620483e-02
165 76 -6.5345124312480e-03
73 77  3.7068546789828e-03
77 77  5.3926221899813e-02
81 77  1.0020250639065e-03
158 77 -6.7698071363820e-03
162 77 -1.5225390620483e-02
166 77 -6.5345124312480e-03
71 78  1.4629629615370e-02
72 78  8.4132967016569e-03
75 78  1.4814814800185e-02
76 78 -8.7368850359999e-03
78 78  0.0000000000000e+00
156 78 -1.4629629615370e-02
157 78  8.4132967016569e-03
160 78 -1.4814814800185e-02
161 78 -8.7368850360000e-03
51 79 -1.3016765786223e-02
52 79 -9.8446700488132e-03
75 79  1.0007225322923e-03
79 79  5.1662966964507e-02
82 79  1.3016765786223e-02
83 79 -4.2741177467570e-03
86 79  9.8446700488132e-03
160 79 -6.5348467433082e-03
164 79 -1.0735557022815e-02
168 79 -6.2795138152032e-03
51 80 -8.5439968193769e-03
52 80  8.5439968193768e-03
76 80  1.0020250639065e-03
80 80  5.1667446987148e-02
82 80 -9.0119180026437e-03
84 80 -4.2731754569394e-03
86 80  9.0119180026437e-03
161 80 -6.5345124312480e-03
165 80 -1.0734407165428e-02
169 80 -6.2792719639907e-03
77 81  1.0020250639065e-03
81 81  5.1667446987148e-02
85 81 -4.2731754569394e-03
162 81 -6.5345124312480e-03
166 81 -1.0734407165428e-02
170 81 -6.2792719639907e-03
75 82  1.2882986143112e-02
76 82  8.7368850359999e-03
79 82  1.3016765786223e-02
80 82 -9.0119180026437e-03
82 82  0.0000000000000e+00
160 82 -1.2882986143112e-02
161 82  8.7368850359999e-03
164 82 -1.3016765786223e-02
165 82 -9.0119180026437e-03
52 83 -9.9185223992859e-03
53 83 -7.4650757270569e-03
79 83 -4.2741177467570e-03
83 83  5.1219528845087e-02
86 83  9.9185223992858e-03
87 83 -1.0150483829614e-02
90 83  7.4650757270569e-03
164 83 -6.2795138152032e-03
168 83 -5.0965152871090e-03
172 83 -6.5310833859979e-03
52 84 -8.7377352352463e-03
53 84  8.7377352352464e-03
80 84 -4.2731754569394e-03
84 84  5.1222781845211e-02
86 84 -9.2162667114141e-03
88 84 -1.0149797142604e-02
90 84  9.2162667114141e-03
165 84 -6.2792719639907e-03
169 84 -5.0956803613681e-03
173 84 -6.5309071386452e-03
81 85 -4.2731754569394e-03
85 85  5.1222781845211e-02
89 85 -1.0149797142604e-02
166 85 -6.2792719639907e-03
170 85 -5.0956803613681e-03
174 85 -6.5309071386452e-03
79 86  9.8446700488132e-03
80 86  9.0119180026437e-03
83 86  9.9185223992858e-03
84 86 -9.2162667114141e-03
86 86  0.0000000000000e+00
164 86 -9.8446700488132e-03
165 86  9.0119180026437e-03
168 86 -9.9185223992858e-03
169 86 -9.2162667114141e-03
53 87 -7.5058455301074e-03
54 87 -5.6296203499435e-03
83 87 -1.0150483829614e-02
87 87  5.5039184279848e-02
90 87  7.5058455301074e-03
91 87 -1.7085566243814e-02
94 87  5.6296203499435e-03
168 87 -6.5310833859979e-03
172 87  3.4368939304605e-04
176 87 -7.3436519614518e-03
53 88 -8.8816823253695e-03
54 88  8.8816823253695e-03
84 88 -1.0149797142604e-02
88 88  5.5041561130400e-02
90 88 -9.3680972188841e-03
92 88 -1.7085063205820e-02
94 88  9.3680972188842e-03
169 88 -6.5309071386452e-03
173 88  3.4429944334815e-04
177 88 -7.3435228500610e-03
85 89 -1.0149797142604e-02
89 89  5.5041561130400e-02
93 89 -1.7085063205820e-02
170 89 -6.5309071386452e-03
174 89  3.4429944334815e-04
178 89 -7.3435228500610e-03
83 90  7.4650757270569e-03
84 90  9.2162667114141e-03
87 90  7.5058455301074e-03
88 90 -9.3680972188841e-03
90 90  0.0000000000000e+00
168 90 -7.4650757270569e-03
169 90  9.2162667114141e-03
172 90 -7.5058455301074e-03
173 90 -9.3680972188841e-03
54 91 -5.6521271055585e-03
55 91 -4.2286615366968e-03
87 91 -1.7085566243814e-02
91 91  6.3659579721099e-02
94 91  5.6521271055585e-03
95 91 -2.5659879544425e-02
98 91  4.2286615366968e-03
172 91 -7.3436519614518e-03
176 91  5.9722716590853e-03
180 91 -8.8069724416466e-03
54 92 -8.9886346013583e-03
55 92  8.9886346013582e-03
88 92 -1.7085063205820e-02
92 92  6.3661324204546e-02
94 92 -9.4809068513997e-03
96 92 -2.5659509649307e-02
98 92  9.4809068513997e-03
173 92 -7.3435228500610e-03
177 92  5.9727194039604e-03
181 92 -8.8068775031454e-03
89 93 -1.7085063205820e-02
93 93  6.3661324204546e-02
97 93 -2.5659509649307e-02
174 93 -7.3435228500610e-03
178 93  5.9727194039604e-03
182 93 -8.8068775031454e-03
87 94  5.6296203499435e-03
88 94  9.3680972188842e-03
91 94  5.6521271055585e-03
92 94 -9.4809068513997e-03
94 94  0.0000000000000e+00
172 94 -5.6296203499435e-03
173 94  9.3680972188841e-03
176 94 -5.6521271055585e-03
177 94 -9.4809068513996e-03
55 95 -4.2410862733908e-03
56 95 -3.1672055595344e-03
91 95 -2.5659879544425e-02
95 95  7.7956399543971e-02
98 95  4.2410862733908e-03
99 95 -3.6615787092771e-02
102 95  3.1672055595344e-03
176 95 -8.8069724416466e-03
180 95  1.2236377602132e-02
184 95 -1.1060800814840e-02
55 96 -9.0680998378652e-03
56 96  9.0680998378651e-03
92 96 -2.5659509649307e-02
96 96  7.7957684067605e-02
98 96 -9.5647240871265e-03
100 96 -3.6615514354652e-02
102 96  9.5647240871267e-03
177 96 -8.8068775031454e-03
181 96  1.2236707292204e-02
185 96 -1.1060730812975e-02
93 97 -2.5659509649307e-02
97 97  7.7957684067605e-02
101 97 -3.6615514354652e-02
178 97 -8.8068775031454e-03
182 97  1.2236707292204e-02
186 97 -1.1060730812975e-02
91 98  4.2286615366968e-03
92 98  9.4809068513997e-03
95 98  4.2410862733908e-03
96 98 -9.5647240871265e-03
98 98  0.0000000000000e+00
176 98 -4.2286615366968e-03
177 98  9.4809068513997e-03
180 98 -4.2410862733908e-03
181 98 -9.5647240871265e-03
56 99 -3.1740645703415e-03
57 99 -2.3672036048116e-03
95 99 -3.6615787092771e-02
99 99  9.9260962093548e-02
102 99  3.1740645703415e-03
103 99 -5.0916270662369e-02
106 99  2.3672036048116e-03
180 99 -1.1060800814840e-02
184 99  1.9663490160194e-02
188 99 -1.4310835139981e-02
56 100 -9.1271422819408e-03
57 100  9.1271422819409e-03
96 100 -3.6615514354652e-02
100 100  9.9261910175116e-02
102 100 -9.6270000542103e-03
104 100 -5.0916069158739e-02
106 100  9.6270000542102e-03
181 100 -1.1060730812975e-02
185 100  1.9663733497936e-02
189 100 -1.4310783421394e-02
97 101 -3.6615514354652e-02
101 101  9.9261910175116e-02
105 101 -5.0916069158739e-02
182 101 -1.1060730812975e-02
186 101  1.9663733497936e-02
190 101 -1.4310783421394e-02
95 102  3.1672055595344e-03
96 102  9.5647240871267e-03
99 102  3.1740645703415e-03
100 102 -9.6270000542103e-03
102 102  0.0000000000000e+00
180 102 -3.1672055595344e-03
181 102  9.5647240871267e-03
184 102 -3.1740645703415e-03
185 102 -9.6270000542103e-03
57 103 -2.3709900857200e-03
58 103 -1.7665424862708e-03
99 103 -5.0916270662369e-02
103 103  1.2950051325802e-01
106 103  2.3709900857200e-03
107 103  1.7665424862708e-03
184 103 -1.4310835139981e-02
188 103  2.8897641136910e-02
57 104 -9.1710106490379e-03
58 104  9.1710106490379e-03
100 104 -5.0916069158739e-02
104 104  1.2950121423360e-01
106 104 -9.6732709196549e-03
107 104  9.6732709196549e-03
185 104 -1.4310783421394e-02
189 104  2.8897821051617e-02
101 105 -5.0916069158739e-02
105 105  1.2950121423360e-01
186 105 -1.4310783421394e-02
190 105  2.8897821051617e-02
99 106  2.3672036048116e-03
100 106  9.6270000542102e-03
103 106  2.3709900857200e-03
104 106 -9.6732709196549e-03
106 106  0.0000000000000e+00
184 106 -2.3672036048116e-03
185 106  9.6270000542103e-03
188 106 -2.3709900857200e-03
189 106 -9.6732709196549e-03
103 107  1.7665424862708e-03
104 107  9.6732709196549e-03
107 107  0.0000000000000e+00
188 107 -1.7665424862708e-03
189 107  9.6732709196549e-03
1 108  1.7501506964844e-02
4 108 -8.7229686041739e-03
59 108 -1.0666144737291e-03
60 108 -1.4421564742803e-03
108 108  8.2357790807995e-02
111 108  1.0666144737291e-03
112 108 -3.2843678670832e-02
115 108  1.4421564742803e-03
193 108  1.8643776614894e-02
197 108 -9.1477902777904e-03
2 109  1.7501803766338e-02
5 109 -8.7228837547842e-03
59 109 -5.8589691443451e-03
60 109  5.8589691443452e-03
109 109  8.2359010523275e-02
111 109 -6.1798418968809e-03
113 109 -3.2843329979537e-02
115 109  6.1798418968809e-03
194 109  1.8644089671041e-02
198 109 -9.1477007815326e-03
3 110  1.7501803766338e-02
6 110 -8.7228837547842e-03
110 110  8.2359010523275e-02
114 110 -3.2843329979537e-02
195 110  1.8644089671041e-02
199 110 -9.1477007815326e-03
108 111  1.0666144737291e-03
109 111 -6.1798418968809e-03
111 111  0.0000000000000e+00
193 111 -1.0666144737291e-03
194 111 -6.1798418968808e-03
1 112 -8.7229686041739e-03
4 112  1.2059109580678e-02
7 112 -6.8426467640211e-03
60 112 -1.4459429551886e-03
61 112 -1.9580501496564e-03
108 112 -3.2843678670832e-02
112 112  6.3714798680317e-02
115 112  1.4459429551886e-03
116 112 -2.4040174931070e-02
119 112  1.9580501496564e-03
193 112 -9.1477902777904e-03
197 112  1.2968886126828e-02
201 112 -7.1455351399356e-03
2 113 -8.7228837547842e-03
5 113  1.2059505849661e-02
8 113 -6.8425336088205e-03
60 113 -5.9052400097897e-03
61 113  5.9052400097898e-03
109 113 -3.2843329979537e-02
113 113  6.3716427160444e-02
115 113 -6.2286468360835e-03
117 113 -2.4039709916135e-02
119 113  6.2286468360835e-03
194 113 -9.1477007815326e-03
198 113  1.2969304097908e-02
202 113 -7.1454157876685e-03
3 114 -8.7228837547842e-03
6 114  1.2059505849661e-02
9 114 -6.8425336088205e-03
110 114 -3.2843329979537e-02
114 114  6.3716427160444e-02
118 114 -2.4039709916135e-02
195 114 -9.1477007815326e-03
199 114  1.2969304097908e-02
203 114 -7.1454157876685e-03
108 115  1.4421564742803e-03
109 115  6.1798418968809e-03
112 115  1.4459429551886e-03
113 115 -6.2286468360835e-03
115 115  0.0000000000000e+00
193 115 -1.4421564742803e-03
194 115  6.1798418968809e-03
197 115 -1.4459429551886e-03
198 115 -6.2286468360835e-03
4 116 -6.8426467640211e-03
7 116  7.6297290301264e-03
10 116 -5.5576879513024e-03
61 116 -1.9649091604635e-03
62 116 -2.6662278866093e-03
112 116 -2.4040174931070e-02
116 116  5.0614473124239e-02
119 116  1.9649091604635e-03
120 116 -1.7280788528258e-02
123 116  2.6662278866093e-03
197 116 -7.1455351399356e-03
201 116  8.3867901147950e-03
205 116 -5.7641589545737e-03
5 117 -6.8425336088205e-03
8 117  7.6302566870955e-03
11 117 -5.5575375058424e-03
61 117 -5.9675159768733e-03
62 117  5.9675159768733e-03
113 117 -2.4039709916135e-02
117 117  5.0616641547519e-02
119 117 -6.2943334135462e-03
121 117 -1.7280170267803e-02
123 117  6.2943334135462e-03
198 117 -7.1454157876685e-03
202 117  8.3873466694661e-03
206 117 -5.7640002698062e-03
6 118 -6.8425336088205e-03
9 118  7.6302566870955e-03
12 118 -5.5575375058424e-03
114 118 -2.4039709916135e-02
118 118  5.0616641547519e-02
122 118 -1.7280170267803e-02
199 118 -7.1454157876685e-03
203 118  8.3873466694661e-03
207 118 -5.7640002698062e-03
112 119  1.9580501496564e-03
113 119  6.2286468360835e-03
116 119  1.9649091604635e-03
117 119 -6.2943334135462e-03
119 119  0.0000000000000e+00
197 119 -1.9580501496564e-03
198 119  6.2286468360835e-03
201 119 -1.9649091604635e-03
202 119 -6.2943334135462e-03
7 120 -5.5576879513024e-03
10 120  3.8033861379633e-03
13 120 -4.7592013019269e-03
62 120 -2.6786526233033e-03
63 120 -3.6444282544419e-03
116 120 -1.7280788528258e-02
120 120  4.1923825221968e-02
123 120  2.6786526233033e-03
124 120 -1.1954227735555e-02
127 120  3.6444282544419e-03
201 120 -5.7641589545737e-03
205 120  4.4747755243418e-03
209 120 -4.8859224126572e-03
8 121 -5.5575375058424e-03
11 121  3.8040862749774e-03
14 121 -4.7590020742220e-03
62 121 -6.0513332126004e-03
63 121  6.0513332126003e-03
117 121 -1.7280170267803e-02
121 121  4.1926702457539e-02
123 121 -6.3827409904195e-03
125 121 -1.1953409002896e-02
127 121  6.3827409904195e-03
202 121 -5.7640002698062e-03
206 121  4.4755140051132e-03
210 121 -4.8857122740326e-03
9 122 -5.5575375058424e-03
12 122  3.8040862749774e-03
15 122 -4.7590020742220e-03
118 122 -1.7280170267803e-02
122 122  4.1926702457539e-02
126 122 -1.1953409002896e-02
203 122 -5.7640002698062e-03
207 122  4.4755140051132e-03
211 122 -4.8857122740326e-03
116 123  2.6662278866093e-03
117 123  6.2943334135462e-03
120 123  2.6786526233033e-03
121 123 -6.3827409904195e-03
123 123  0.0000000000000e+00
201 123 -2.6662278866093e-03
202 123  6.2943334135462e-03
205 123 -2.6786526233033e-03
206 123 -6.3827409904195e-03
10 124 -4.7592013019269e-03
13 124  2.1054928098262e-04
16 124 -4.3858740530392e-03
63 124 -3.6669350100569e-03
64 124 -5.0063902298918e-03
120 124 -1.1954227735555e-02
124 124  3.6927513036982e-02
127 124  3.6669350100569e-03
128 124 -7.5681359557968e-03
131 124  5.0063902298917e-03
205 124 -4.8859224126572e-03
209 124  8.5722021023128e-04
213 124 -4.4419210692207e-03
11 125 -4.7590020742220e-03
14 125  2.1147400994600e-04
17 125 -4.3856115928490e-03
63 125 -6.1641428451157e-03
64 125  6.1641428451158e-03
121 125 -1.1953409002896e-02
125 125  3.6931313240390e-02
127 125 -6.5017287639024e-03
129 125 -7.5670573672063e-03
131 125  6.5017287639024e-03
206 125 -4.8857122740326e-03
210 125  8.5819558297184e-04
214 125 -4.4416442351157e-03
12 126 -4.7590020742220e-03
15 126  2.1147400994600e-04
18 126 -4.3856115928490e-03
122 126 -1.1953409002896e-02
126 126  3.6931313240390e-02
130 126 -7.5670573672063e-03
207 126 -4.8857122740326e-03
211 126  8.5819558297184e-04
215 126 -4.4416442351157e-03
120 127  3.6444282544419e-03
121 127  6.3827409904195e-03
124 127  3.6669350100569e-03
125 127 -6.5017287639024e-03
127 127  0.0000000000000e+00
205 127 -3.6444282544419e-03
206 127  6.3827409904195e-03
209 127 -3.6669350100569e-03
210 127 -6.5017287639024e-03
13 128 -4.3858740530392e-03
16 128 -3.5213949574192e-03
19 128 -4.4220362944706e-03
64 128 -5.0471600329423e-03
65 128 -6.9216980807145e-03
124 128 -7.5681359557968e-03
128 128  3.5285054149438e-02
131 128  5.0471600329422e-03
132 128 -3.6984757622031e-03
135 128  6.9216980807145e-03
209 128 -4.4419210692207e-03
213 128 -2.8379233427308e-03
217 128 -4.4092927145581e-03
14 129 -4.3856115928490e-03
17 129 -3.5201808513896e-03
20 129 -4.4216928389653e-03
64 129 -6.3159733525859e-03
65 129  6.3159733525859e-03
125 129 -7.5670573672063e-03
129 129  3.5290043557205e-02
131 129 -6.6618744325639e-03
133 129 -3.6970643207607e-03
135 129  6.6618744325639e-03
210 129 -4.4416442351157e-03
214 129 -2.8366427448774e-03
218 129 -4.4089304493423e-03
15 130 -4.3856115928490e-03
18 130 -3.5201808513896e-03
21 130 -4.4216928389653e-03
126 130 -7.5670573672063e-03
130 130  3.5290043557205e-02
134 130 -3.6970643207607e-03
211 130 -4.4416442351157e-03
215 130 -2.8366427448774e-03
219 130 -4.4089304493423e-03
124 131  5.0063902298917e-03
125 131  6.5017287639024e-03
128 131  5.0471600329422e-03
129 131 -6.6618744325639e-03
131 131  0.0000000000000e+00
209 131 -5.0063902298917e-03
210 131  6.5017287639024e-03
213 131 -5.0471600329422e-03
214 131 -6.6618744325639e-03
16 132 -4.4220362944706e-03
19 132 -7.8206112857694e-03
22 132 -4.9026353423869e-03
65 132 -6.9955504311871e-03
66 132 -9.6484902137780e-03
128 132 -3.6984757622031e-03
132 132  3.7038242763817e-02
135 132  6.9955504311872e-03
136 132  6.0573136221747e-05
139 132  9.6484902137780e-03
213 132 -4.4092927145581e-03
217 132 -7.0305427761276e-03
221 132 -4.8152217245223e-03
17 133 -4.4216928389653e-03
20 133 -7.8190293563765e-03
23 133 -4.9021897016737e-03
65 133 -6.5203220613562e-03
66 133  6.5203220613563e-03
129 133 -3.6970643207607e-03
133 133  3.7044743753521e-02
135 133 -6.8774145183572e-03
137 133  6.2404511061687e-05
139 133  6.8774145183573e-03
214 133 -4.4089304493423e-03
218 133 -7.0288742106685e-03
222 133 -4.8147516778156e-03
18 134 -4.4216928389653e-03
21 134 -7.8190293563765e-03
24 134 -4.9021897016737e-03
130 134 -3.6970643207607e-03
134 134  3.7044743753521e-02
138 134  6.2404511061687e-05
215 134 -4.4089304493423e-03
219 134 -7.0288742106685e-03
223 134 -4.8147516778156e-03
128 135  6.9216980807145e-03
129 135  6.6618744325639e-03
132 135  6.9955504311872e-03
133 135 -6.8774145183572e-03
135 135  0.0000000000000e+00
213 135 -6.9216980807145e-03
214 135  6.6618744325639e-03
217 135 -6.9955504311872e-03
218 135 -6.8774145183572e-03
19 136 -4.9026353423869e-03
22 136 -1.1890191714129e-02
25 136 -5.4928153054990e-03
66 136 -9.7822698568888e-03
67 136 -1.1851851839815e-02
132 136  6.0573136221747e-05
136 136  4.1081894506867e-02
139 136  9.7822698568888e-03
140 136  2.2716911340231e-03
143 136  1.1851851839815e-02
217 136 -4.8152217245223e-03
221 136 -1.0957230360123e-02
225 136 -5.3560643304519e-03
20 137 -4.9021897016737e-03
23 137 -1.1888294412483e-02
26 137 -5.4923135276996e-03
66 137 -6.7953550280000e-03
67 137  6.7953550280000e-03
133 137  6.2404511061687e-05
137 137  4.1089691528985e-02
139 137 -7.1675099615000e-03
141 137  2.2737532060234e-03
143 137  7.1675099615000e-03
218 137 -4.8147516778156e-03
222 137 -1.0955229150710e-02
226 137 -5.3555350722512e-03
21 138 -4.9021897016737e-03
24 138 -1.1888294412483e-02
27 138 -5.4923135276996e-03
134 138  6.2404511061687e-05
138 138  4.1089691528985e-02
142 138  2.2737532060234e-03
219 138 -4.8147516778156e-03
223 138 -1.0955229150710e-02
227 138 -5.3555350722512e-03
132 139  9.6484902137780e-03
133 139  6.8774145183573e-03
136 139  9.7822698568888e-03
137 139 -7.1675099615000e-03
139 139  0.0000000000000e+00
217 139 -9.6484902137780e-03
218 139  6.8774145183573e-03
221 139 -9.7822698568888e-03
222 139 -7.1675099615000e-03
22 140 -5.4928153054990e-03
25 140 -1.3939488771470e-02
28 140 -5.7482950957919e-03
67 140 -1.2037037024630e-02
68 140 -1.2407407432038e-02
136 140  2.2716911340231e-03
140 140  4.4404716681104e-02
143 140  1.2037037024630e-02
144 140  2.3773512298609e-03
147 140  1.2407407432038e-02
221 140 -5.3560643304519e-03
225 140 -1.2911911932409e-02
229 140 -5.6051836093663e-03
23 141 -5.4923135276996e-03
26 141 -1.3937527292151e-02
29 141 -5.7478156267406e-03
67 141 -7.1189433623431e-03
68 141  7.1189433623431e-03
137 141  2.2737532060234e-03
141 141  4.4412777443429e-02
143 141 -7.5088199593254e-03
145 141  2.3793216233438e-03
147 141  7.5088199593253e-03
222 141 -5.3555350722512e-03
226 141 -1.2909843030565e-02
230 141 -5.6046778816763e-03
24 142 -5.4923135276996e-03
27 142 -1.3937527292151e-02
30 142 -5.7478156267406e-03
138 142  2.2737532060234e-03
142 142  4.4412777443429e-02
146 142  2.3793216233438e-03
223 142 -5.3555350722512e-03
227 142 -1.2909843030565e-02
231 142 -5.6046778816763e-03
136 143  1.1851851839815e-02
137 143  7.1675099615000e-03
140 143  1.2037037024630e-02
141 143 -7.5088199593254e-03
143 143  0.0000000000000e+00
221 143 -1.1851851839815e-02
222 143  7.1675099615000e-03
225 143 -1.2037037024630e-02
226 143 -7.5088199593254e-03
25 144 -5.7482950957919e-03
28 144 -1.4573101897571e-02
31 144 -6.0037748690686e-03
68 144 -1.2592592617964e-02
69 144 -1.2962962950370e-02
140 144  2.3773512298609e-03
144 144  4.6423112895730e-02
147 144  1.2592592617964e-02
148 144  2.4830112396242e-03
151 144  1.2962962950370e-02
225 144 -5.6051836093663e-03
229 144 -1.3498817020337e-02
233 144 -5.8543028730802e-03
26 145 -5.7478156267406e-03
29 145 -1.4571225727473e-02
32 145 -6.0033158092523e-03
68 145 -7.4425316976570e-03
69 145  7.4425316976570e-03
141 145  2.3793216233438e-03
145 145  4.6430823077070e-02
147 145 -7.8501299581746e-03
149 145  2.4848977606994e-03
151 145  7.8501299581747e-03
226 145 -5.6046778816763e-03
230 145 -1.3496838099764e-02
234 145 -5.8538186723589e-03
27 146 -5.7478156267406e-03
30 146 -1.4571225727473e-02
33 146 -6.0033158092523e-03
142 146  2.3793216233438e-03
146 146  4.6430823077070e-02
150 146  2.4848977606994e-03
227 146 -5.6046778816763e-03
231 146 -1.3496838099764e-02
235 146 -5.8538186723589e-03
140 147  1.2407407432038e-02
141 147  7.5088199593253e-03
144 147  1.2592592617964e-02
145 147 -7.8501299581746e-03
147 147  0.0000000000000e+00
225 147 -1.2407407432038e-02
226 147  7.5088199593253e-03
229 147 -1.2592592617964e-02
230 147 -7.8501299581746e-03
28 148 -6.0037748690686e-03
31 148 -1.5206714991358e-02
34 148 -6.2592546504702e-03
69 148 -1.3148148135185e-02
70 148 -1.3518518504815e-02
144 148  2.4830112396242e-03
148 148  4.8441509073280e-02
151 148  1.3148148135185e-02
152 148  2.5886712922663e-03
155 148  1.3518518504815e-02
229 148 -5.8543028730802e-03
233 148 -1.4085722077172e-02
237 148 -6.1034221440207e-03
29 149 -6.0033158092523e-03
32 149 -1.5204917018153e-02
35 149 -6.2588143331032e-03
69 149 -7.7661200320001e-03
70 149  7.7661200320000e-03
145 149  2.4848977606994e-03
149 149  4.8448897901976e-02
151 149 -8.1914399559999e-03
153 149  2.5904807906432e-03
155 149  8.1914399560001e-03
230 149 -5.8538186723589e-03
234 149 -1.4083825636029e-02
238 149 -6.1029577121992e-03
30 150 -6.0033158092523e-03
33 150 -1.5204917018153e-02
36 150 -6.2588143331032e-03
146 150  2.4848977606994e-03
150 150  4.8448897901976e-02
154 150  2.5904807906432e-03
231 150 -5.8538186723589e-03
235 150 -1.4083825636029e-02
239 150 -6.1029577121992e-03
144 151  1.2962962950370e-02
145 151  7.8501299581747e-03
148 151  1.3148148135185e-02
149 151 -8.1914399559999e-03
151 151  0.0000000000000e+00
229 151 -1.2962962950370e-02
230 151  7.8501299581748e-03
233 151 -1.3148148135185e-02
234 151 -8.1914399560000e-03
31 152 -6.2592546504702e-03
34 152 -1.5840328149404e-02
70 152 -1.3703703689630e-02
71 152 -6.5147344418972e-03
74 152 -1.4074074102036e-02
148 152  2.5886712922663e-03
152 152  5.0459905319558e-02
155 152  1.3703703689630e-02
156 152  2.6943313938407e-03
159 152  1.4074074102036e-02
233 152 -6.1034221440207e-03
237 152 -1.4672627195924e-02
241 152 -6.3525414239482e-03
32 153 -6.2588143331032e-03
35 153 -1.5838602114722e-02
70 153 -8.0897083663431e-03
72 153 -6.5143113963934e-03
74 153  8.0897083663431e-03
149 153  2.5904807906432e-03
153 153  5.0466998514583e-02
155 153 -8.5327499538253e-03
157 153  2.6960699129405e-03
159 153  8.5327499538254e-03
234 153 -6.1029577121992e-03
238 153 -1.4670806633094e-02
242 153 -6.3520952099020e-03
33 154 -6.2588143331032e-03
36 154 -1.5838602114722e-02
73 154 -6.5143113963934e-03
150 154  2.5904807906432e-03
154 154  5.0466998514583e-02
158 154  2.6960699129405e-03
235 154 -6.1029577121992e-03
239 154 -1.4670806633094e-02
243 154 -6.3520952099020e-03
148 155  1.3518518504815e-02
149 155  8.1914399560001e-03
152 155  1.3703703689630e-02
153 155 -8.5327499538253e-03
155 155  0.0000000000000e+00
233 155 -1.3518518504815e-02
234 155  8.1914399560000e-03
237 155 -1.3703703689630e-02
238 155 -8.5327499538253e-03
34 156 -6.5147344418972e-03
71 156 -1.6473941275506e-02
74 156 -1.4259259287962e-02
75 156 -6.7702142140397e-03
78 156 -1.4629629615370e-02
152 156  2.6943313938407e-03
156 156  5.2478301534184e-02
159 156  1.4259259287962e-02
160 156  2.7999913978674e-03
163 156  1.4629629615370e-02
237 156 -6.3525414239482e-03
241 156 -1.5259532283852e-02
245 156 -6.6016606866490e-03
35 157 -6.5143113963934e-03
72 157 -1.6472281643482e-02
74 157 -8.4132967016569e-03
76 157 -6.7698071363820e-03
78 157  8.4132967016569e-03
153 157  2.6960699129405e-03
157 157  5.2485121845347e-02
159 157 -8.8740599526745e-03
161 157  2.8016642965906e-03
163 157  8.8740599526746e-03
238 157 -6.3520952099020e-03
242 157 -1.5257781760294e-02
246 157 -6.6012313149451e-03
36 158 -6.5143113963934e-03
73 158 -1.6472281643482e-02
77 158 -6.7698071363820e-03
154 158  2.6960699129405e-03
158 158  5.2485121845347e-02
162 158  2.8016642965906e-03
239 158 -6.3520952099020e-03
243 158 -1.5257781760294e-02
247 158 -6.6012313149451e-03
152 159  1.4074074102036e-02
153 159  8.5327499538254e-03
156 159  1.4259259287962e-02
157 159 -8.8740599526745e-03
159 159  0.0000000000000e+00
237 159 -1.4074074102036e-02
238 159  8.5327499538254e-03
241 159 -1.4259259287962e-02
242 159 -8.8740599526745e-03
71 160 -6.7702142140397e-03
75 160 -1.5226870899661e-02
78 160 -1.4814814800185e-02
79 160 -6.5348467433082e-03
82 160 -1.2882986143112e-02
156 160  2.7999913978674e-03
160 160  5.2701684025736e-02
163 160  1.4814814800185e-02
164 160  8.0739466498586e-05
167 160  1.2882986143112e-02
241 160 -6.6016606866490e-03
245 160 -1.4030491427000e-02
249 160 -6.4183309194440e-03
72 161 -6.7698071363820e-03
76 161 -1.5225390620483e-02
78 161 -8.7368850360000e-03
80 161 -6.5345124312480e-03
82 161  8.7368850359999e-03
157 161  2.8016642965906e-03
161 161  5.2707767280614e-02
163 161 -9.2153699504999e-03
165 161  8.2113332658859e-05
167 161  9.2153699505000e-03
242 161 -6.6012313149451e-03
246 161 -1.4028930078739e-02
250 161 -6.4179782984240e-03
73 162 -6.7698071363820e-03
77 162 -1.5225390620483e-02
81 162 -6.5345124312480e-03
158 162  2.8016642965906e-03
162 162  5.2707767280614e-02
166 162  8.2113332658859e-05
243 162 -6.6012313149451e-03
247 162 -1.4028930078739e-02
251 162 -6.4179782984240e-03
156 163  1.4629629615370e-02
157 163  8.8740599526746e-03
160 163  1.4814814800185e-02
161 163 -9.2153699504999e-03
163 163  0.0000000000000e+00
241 163 -1.4629629615370e-02
242 163  8.8740599526746e-03
245 163 -1.4814814800185e-02
246 163 -9.2153699504999e-03
