%%MatrixMarket matrix coordinate real general
2203 2203 69579
1 1  4.4736606646442e-04
25 1  6.1718647877333e-06
64 1 -4.4444444444445e-06
65 1 -4.4258592111558e-05
66 1  1.7777777777778e-05
67 1  8.2345319435901e-05
68 1 -7.7148309840000e-06
69 1  7.7148309850667e-06
70 1 -5.1432206560000e-06
71 1 -1.3333333333333e-05
72 1  1.8834945388941e-04
73 1  3.0859323936000e-06
108 1  1.1111111111111e-06
109 1  2.4433659933589e-05
110 1 -4.4444444444445e-06
111 1 -4.5781387472502e-05
112 1  3.3333333333334e-06
113 1 -1.0339218245790e-04
114 1 -1.5429661973333e-06
2 2  7.0424337666106e-03
3 2  4.4408920985006e-20
4 2  8.3915845556409e-04
5 2  2.2204460492503e-19
26 2  4.4408920985006e-20
27 2  7.1111111111111e-05
28 2 -2.2204460492503e-20
74 2  6.3450540850042e-04
75 2  1.3322676295502e-19
76 2  7.4169955402993e-05
77 2 -1.7777777777778e-05
2 3  4.4408920985006e-20
3 3  6.9116279409124e-03
4 3  2.2204460492503e-20
5 3  7.8166196208959e-04
28 3  4.1145765262222e-05
74 3  1.3322676295502e-19
75 3  7.4105408659758e-04
76 3 -1.7777777777778e-05
77 3  8.2345319505584e-05
2 4  8.3915845556409e-04
3 4  2.2204460492503e-20
4 4  3.5459043424626e-03
5 4 -4.4408920985006e-20
6 4  8.3915845556411e-04
7 4 -4.4408920985006e-20
8 4 -4.3192295736072e-04
9 4 -1.6653345369377e-20
26 4  8.8817841970012e-20
27 4  1.7777777777777e-05
28 4  4.4408920985006e-20
29 4  1.1102230246252e-19
30 4  1.7777777777779e-05
31 4 -4.4408920985006e-20
74 4  7.4169955402995e-05
75 4  1.7777777777777e-05
76 4  3.2033863664594e-04
77 4  5.4210108624275e-20
78 4  7.4169955402997e-05
79 4 -1.7777777777778e-05
80 4 -3.8627943899365e-05
81 4  4.4444444444445e-06
2 5  2.2204460492503e-19
3 5  7.8166196208959e-04
4 5 -4.4408920985006e-20
5 5  3.5051888887709e-03
6 5 -1.3322676295502e-19
7 5  7.8166196208962e-04
9 5 -4.1551844020214e-04
26 5 -3.0859323946666e-05
27 5 -2.1333157462777e-15
28 5 -2.0572882631111e-05
29 5  3.0859323946666e-05
30 5  2.1333157462777e-15
31 5 -2.0572882631111e-05
74 5  1.7777777777778e-05
75 5  8.2345319505585e-05
76 5  1.0842021724855e-19
77 5  3.7669890809026e-04
78 5 -1.7777777777778e-05
79 5  8.2345319505588e-05
80 5  4.4444444444445e-06
81 5 -4.4258592148527e-05
4 6  8.3915845556411e-04
5 6 -1.3322676295502e-19
6 6  7.0424337666106e-03
7 6  4.4408920985006e-20
8 6  8.3915845556406e-04
9 6  1.7763568394003e-19
29 6  8.8817841970012e-20
30 6  7.1111111111110e-05
31 6  6.6613381477509e-20
76 6  7.4169955402998e-05
77 6  1.7777777777778e-05
78 6  6.3450540850042e-04
80 6  7.4169955402993e-05
81 6 -1.7777777777778e-05
4 7 -4.4408920985006e-20
5 7  7.8166196208962e-04
6 7  4.4408920985006e-20
7 7  6.9116279409124e-03
8 7  2.2204460492503e-20
9 7  7.8166196208957e-04
29 7  6.6613381477509e-20
30 7  2.2204460492503e-20
31 7  4.1145765262222e-05
76 7  1.7777777777778e-05
77 7  8.2345319505588e-05
79 7  7.4105408659759e-04
80 7 -1.7777777777778e-05
81 7  8.2345319505582e-05
4 8 -4.3192295736072e-04
6 8  8.3915845556406e-04
7 8  2.2204460492503e-20
8 8  3.5459043424626e-03
9 8 -4.4408920985006e-20
10 8  8.3915845556411e-04
11 8 -6.6613381477509e-20
12 8 -4.3192295736072e-04
13 8 -2.7755575615629e-20
29 8  1.7763568394003e-19
30 8  1.7777777777777e-05
31 8  1.3322676295502e-19
32 8  1.2212453270877e-19
33 8  1.7777777777779e-05
34 8 -1.1102230246251e-20
76 8 -3.8627943899365e-05
77 8 -4.4444444444445e-06
78 8  7.4169955402991e-05
79 8  1.7777777777778e-05
80 8  3.2033863664594e-04
81 8  1.0842021724855e-19
82 8  7.4169955402996e-05
83 8 -1.7777777777778e-05
84 8 -3.8627943899365e-05
85 8  4.4444444444445e-06
4 9 -1.6653345369377e-20
5 9 -4.1551844020214e-04
6 9  1.7763568394003e-19
7 9  7.8166196208957e-04
8 9 -4.4408920985006e-20
9 9  3.5051888887708e-03
10 9 -8.8817841970012e-20
11 9  7.8166196208961e-04
12 9 -5.5511151231258e-21
13 9 -4.1551844020214e-04
29 9 -3.0859323946666e-05
30 9 -2.1333046440475e-15
31 9 -2.0572882631111e-05
32 9  3.0859323946666e-05
33 9  2.1332741129143e-15
34 9 -2.0572882631111e-05
76 9 -4.4444444444445e-06
77 9 -4.4258592148527e-05
78 9  1.7777777777778e-05
79 9  8.2345319505581e-05
80 9  5.4210108624275e-20
81 9  3.7669890809025e-04
82 9 -1.7777777777778e-05
83 9  8.2345319505588e-05
84 9  4.4444444444445e-06
85 9 -4.4258592148527e-05
8 10  8.3915845556411e-04
9 10 -8.8817841970012e-20
10 10  7.0424337666106e-03
11 10 -8.8817841970012e-20
12 10  8.3915845556410e-04
13 10  2.2204460492503e-19
32 10 -2.2204460492503e-19
33 10  7.1111111111112e-05
34 10 -1.3322676295502e-19
80 10  7.4169955402998e-05
81 10  1.7777777777778e-05
82 10  6.3450540850042e-04
83 10  3.3306690738755e-19
84 10  7.4169955402994e-05
85 10 -1.7777777777778e-05
8 11 -6.6613381477509e-20
9 11  7.8166196208961e-04
10 11 -8.8817841970012e-20
11 11  6.9116279409124e-03
12 11  1.3322676295502e-19
13 11  7.8166196208961e-04
34 11  4.1145765262222e-05
80 11  1.7777777777778e-05
81 11  8.2345319505588e-05
82 11  3.1086244689504e-19
83 11  7.4105408659759e-04
84 11 -1.7777777777778e-05
85 11  8.2345319505585e-05
8 12 -4.3192295736072e-04
9 12 -5.5511151231258e-21
10 12  8.3915845556410e-04
11 12  1.3322676295502e-19
12 12  3.5459043424625e-03
13 12 -8.8817841970012e-20
14 12  8.3915845556404e-04
15 12 -8.8817841970012e-20
16 12 -4.3192295736071e-04
17 12  1.6653345369377e-20
32 12  1.7763568394003e-19
33 12  1.7777777777778e-05
34 12  1.7763568394003e-19
35 12 -1.8873791418628e-19
36 12  1.7777777777778e-05
37 12  6.6613381477509e-20
80 12 -3.8627943899366e-05
81 12 -4.4444444444444e-06
82 12  7.4169955402995e-05
83 12  1.7777777777777e-05
84 12  3.2033863664593e-04
85 12  4.3368086899420e-19
86 12  7.4169955402991e-05
87 12 -1.7777777777778e-05
88 12 -3.8627943899363e-05
89 12  4.4444444444445e-06
8 13 -2.7755575615629e-20
9 13 -4.1551844020214e-04
10 13  2.2204460492503e-19
11 13  7.8166196208961e-04
12 13 -8.8817841970012e-20
13 13  3.5051888887708e-03
14 13 -1.7763568394003e-19
15 13  7.8166196208955e-04
16 13  2.7755575615629e-20
17 13 -4.1551844020213e-04
32 13 -3.0859323946666e-05
33 13 -2.1332935418172e-15
34 13 -2.0572882631111e-05
35 13  3.0859323946667e-05
36 13  2.1333185218353e-15
37 13 -2.0572882631111e-05
80 13 -4.4444444444445e-06
81 13 -4.4258592148528e-05
82 13  1.7777777777778e-05
83 13  8.2345319505585e-05
84 13  3.2526065174565e-19
85 13  3.7669890809025e-04
86 13 -1.7777777777778e-05
87 13  8.2345319505582e-05
88 13  4.4444444444446e-06
89 13 -4.4258592148525e-05
12 14  8.3915845556404e-04
13 14 -1.7763568394003e-19
14 14  7.0424337666105e-03
15 14  1.3322676295502e-19
16 14  8.3915845556410e-04
17 14  1.3322676295502e-19
36 14  7.1111111111109e-05
37 14  2.8865798640254e-19
84 14  7.4169955402996e-05
85 14  1.7777777777777e-05
86 14  6.3450540850040e-04
87 14  7.1054273576010e-19
88 14  7.4169955402988e-05
89 14 -1.7777777777778e-05
12 15 -8.8817841970012e-20
13 15  7.8166196208955e-04
14 15  1.3322676295502e-19
15 15  6.9116279409123e-03
17 15  7.8166196208960e-04
35 15 -2.2204460492503e-20
36 15 -2.2204460492503e-20
37 15  4.1145765262222e-05
84 15  1.7777777777778e-05
85 15  8.2345319505585e-05
86 15  7.9936057773011e-19
87 15  7.4105408659757e-04
88 15 -1.7777777777778e-05
89 15  8.2345319505578e-05
12 16 -4.3192295736071e-04
13 16  2.7755575615629e-20
14 16  8.3915845556410e-04
16 16  3.5459043424626e-03
17 16  1.7763568394003e-19
18 16  8.3915845556411e-04
19 16  2.2204460492503e-20
20 16 -4.3192295736072e-04
21 16 -2.7755575615629e-20
35 16  1.7763568394003e-19
36 16  1.7777777777776e-05
38 16  1.3322676295502e-19
39 16  1.7777777777779e-05
40 16 -2.7755575615629e-20
84 16 -3.8627943899364e-05
85 16 -4.4444444444443e-06
86 16  7.4169955402993e-05
87 16  1.7777777777777e-05
88 16  3.2033863664594e-04
89 16  4.8789097761848e-19
90 16  7.4169955402998e-05
91 16 -1.7777777777778e-05
92 16 -3.8627943899364e-05
93 16  4.4444444444445e-06
12 17  1.6653345369377e-20
13 17 -4.1551844020213e-04
14 17  1.3322676295502e-19
15 17  7.8166196208960e-04
16 17  1.7763568394003e-19
17 17  3.5051888887709e-03
18 17 -1.3322676295502e-19
19 17  7.8166196208962e-04
20 17 -1.1102230246251e-20
21 17 -4.1551844020214e-04
35 17 -3.0859323946666e-05
36 17 -2.1333046440475e-15
37 17 -2.0572882631111e-05
38 17  3.0859323946666e-05
39 17  2.1333185218353e-15
40 17 -2.0572882631111e-05
84 17 -4.4444444444443e-06
85 17 -4.4258592148526e-05
86 17  1.7777777777777e-05
87 17  8.2345319505581e-05
88 17  7.0473141211558e-19
89 17  3.7669890809025e-04
90 17 -1.7777777777778e-05
91 17  8.2345319505590e-05
92 17  4.4444444444446e-06
93 17 -4.4258592148526e-05
16 18  8.3915845556411e-04
17 18 -1.3322676295502e-19
18 18  7.0424337666105e-03
19 18 -8.8817841970012e-20
20 18  8.3915845556409e-04
21 18  2.6645352591004e-19
38 18 -1.3322676295502e-19
39 18  7.1111111111111e-05
40 18 -8.8817841970012e-20
88 18  7.4169955403002e-05
89 18  1.7777777777778e-05
90 18  6.3450540850042e-04
91 18  5.3290705182007e-19
92 18  7.4169955402989e-05
93 18 -1.7777777777778e-05
16 19  2.2204460492503e-20
17 19  7.8166196208962e-04
18 19 -8.8817841970012e-20
19 19  6.9116279409123e-03
20 19  1.3322676295502e-19
21 19  7.8166196208959e-04
38 19 -2.2204460492503e-20
39 19 -2.2204460492503e-20
40 19  4.1145765262222e-05
88 19  1.7777777777777e-05
89 19  8.2345319505592e-05
90 19  4.8849813083507e-19
91 19  7.4105408659759e-04
92 19 -1.7777777777778e-05
93 19  8.2345319505579e-05
16 20 -4.3192295736072e-04
17 20 -1.1102230246251e-20
18 20  8.3915845556409e-04
19 20  1.3322676295502e-19
20 20  3.5459043424626e-03
21 20 -4.4408920985006e-20
22 20  8.3915845556411e-04
23 20 -4.4408920985006e-20
24 20 -4.3192295736072e-04
38 20  2.6645352591004e-19
39 20  1.7777777777776e-05
40 20  2.2204460492503e-19
41 20 -5.5511151231258e-20
42 20  1.7777777777778e-05
43 20  1.1102230246251e-20
44 20 -1.1102230246252e-20
88 20 -3.8627943899365e-05
89 20 -4.4444444444444e-06
90 20  7.4169955402990e-05
91 20  1.7777777777777e-05
92 20  3.2033863664594e-04
94 20  7.4169955403001e-05
95 20 -1.7777777777778e-05
96 20 -3.8627943899364e-05
97 20  4.4444444444447e-06
16 21 -2.7755575615629e-20
17 21 -4.1551844020214e-04
18 21  2.6645352591004e-19
19 21  7.8166196208959e-04
20 21 -4.4408920985006e-20
21 21  3.5051888887709e-03
22 21 -4.4408920985006e-20
23 21  7.8166196208962e-04
24 21 -1.6653345369378e-20
25 21  0.0000000000000e+00
38 21 -3.0859323946666e-05
39 21 -2.1332824395870e-15
40 21 -2.0572882631111e-05
41 21  3.0859323946666e-05
42 21  2.1332852151446e-15
43 21 -2.0572882631111e-05
44 21 -4.1551844020214e-04
73 21  0.0000000000000e+00
88 21 -4.4444444444444e-06
89 21 -4.4258592148527e-05
90 21  1.7777777777778e-05
91 21  8.2345319505579e-05
92 21  1.0842021724855e-19
93 21  3.7669890809025e-04
94 21 -1.7777777777778e-05
95 21  8.2345319505592e-05
96 21  4.4444444444447e-06
97 21 -4.4258592148527e-05
114 21  0.0000000000000e+00
20 22  8.3915845556411e-04
21 22 -4.4408920985006e-20
22 22  7.0424337666107e-03
23 22 -1.7763568394003e-19
24 22  8.3915845556410e-04
41 22 -8.8817841970012e-20
42 22  7.1111111111113e-05
43 22 -8.8817841970012e-20
44 22  8.8817841970012e-20
92 22  7.4169955402997e-05
93 22  1.7777777777778e-05
94 22  6.3450540850043e-04
95 22  1.2434497875802e-18
96 22  7.4169955402988e-05
97 22 -1.7777777777779e-05
20 23 -4.4408920985006e-20
21 23  7.8166196208962e-04
22 23 -1.7763568394003e-19
23 23  6.9116279409125e-03
24 23  3.1086244689504e-19
25 23  0.0000000000000e+00
41 23 -4.4408920985006e-20
42 23 -2.2204460492503e-20
43 23  4.1145765262222e-05
44 23  7.8166196208960e-04
73 23  0.0000000000000e+00
92 23  1.7777777777778e-05
93 23  8.2345319505590e-05
94 23  1.0214051826551e-18
95 23  7.4105408659759e-04
96 23 -1.7777777777779e-05
97 23  8.2345319505580e-05
114 23  0.0000000000000e+00
20 24 -4.3192295736072e-04
21 24 -1.6653345369378e-20
22 24  8.3915845556410e-04
23 24  3.1086244689504e-19
24 24  3.5459043424624e-03
41 24  3.5527136788005e-19
42 24  1.7777777777776e-05
43 24  3.1086244689504e-19
44 24 -8.8817841970014e-20
45 24  8.3915845556393e-04
46 24  8.8817841970012e-20
47 24 -4.1078251911131e-19
48 24  1.7777777777778e-05
49 24  2.8310687127941e-19
50 24 -4.3192295736069e-04
51 24  1.1102230246253e-20
92 24 -3.8627943899367e-05
93 24 -4.4444444444442e-06
94 24  7.4169955402997e-05
95 24  1.7777777777777e-05
96 24  3.2033863664594e-04
97 24  1.0842021724855e-18
98 24  7.4169955402996e-05
99 24 -1.7777777777778e-05
100 24 -3.8627943899361e-05
101 24  4.4444444444449e-06
1 25  4.0326377994334e-01
21 25  5.1432206560000e-08
23 25  2.0572882624000e-07
25 25 -1.5429661969333e-02
44 25  1.0286441312000e-07
46 25  2.0572882623999e-07
51 25  1.0286441312000e-07
53 25  2.0572882624000e-07
58 25  1.0286441312001e-07
60 25  2.0572882623999e-07
65 25  1.0286441311999e-07
67 25  2.0572882624000e-07
72 25 -4.6087272236090e-01
73 25 -7.7148309840000e-03
93 25 -2.5716103288889e-08
95 25 -1.0286441315556e-07
97 25 -5.1432206577776e-08
99 25 -1.0286441315555e-07
101 25 -5.1432206577778e-08
103 25 -1.0286441315556e-07
105 25 -5.1432206577778e-08
107 25 -1.0286441315555e-07
109 25 -5.1432206577778e-08
111 25 -1.0286441315555e-07
113 25  5.7609070998078e-02
114 25  3.8574154933333e-03
2 26  4.4408920985006e-20
4 26  8.8817841970012e-20
5 26 -3.0859323946666e-05
26 26  0.0000000000000e+00
74 26 -5.3333333333333e-05
76 26 -1.3333333333333e-05
77 26 -7.7148309893334e-06
2 27  7.1111111111111e-05
4 27  1.7777777777777e-05
5 27 -2.1333157462777e-15
27 27  0.0000000000000e+00
74 27 -3.5555555555555e-05
75 27  2.2204460492503e-20
76 27 -8.8888888888889e-06
77 27 -7.7148309882667e-06
2 28 -2.2204460492503e-20
3 28  4.1145765262222e-05
4 28  4.4408920985006e-20
5 28 -2.0572882631111e-05
28 28  0.0000000000000e+00
74 28  2.8865798640254e-19
75 28  1.0286441319111e-05
76 28 -1.3333333333333e-05
77 28 -5.1432206595556e-06
4 29  1.1102230246252e-19
5 29  3.0859323946666e-05
6 29  8.8817841970012e-20
7 29  6.6613381477509e-20
8 29  1.7763568394003e-19
9 29 -3.0859323946666e-05
29 29  0.0000000000000e+00
76 29 -1.3333333333334e-05
77 29  7.7148309893333e-06
78 29 -5.3333333333333e-05
80 29 -1.3333333333333e-05
81 29 -7.7148309893334e-06
4 30  1.7777777777779e-05
5 30  2.1333157462777e-15
6 30  7.1111111111110e-05
7 30  2.2204460492503e-20
8 30  1.7777777777777e-05
9 30 -2.1333046440475e-15
30 30  0.0000000000000e+00
76 30 -8.8888888888892e-06
77 30  7.7148309882667e-06
78 30 -3.5555555555555e-05
79 30  2.2204460492503e-20
80 30 -8.8888888888885e-06
81 30 -7.7148309882667e-06
4 31 -4.4408920985006e-20
5 31 -2.0572882631111e-05
6 31  6.6613381477509e-20
7 31  4.1145765262222e-05
8 31  1.3322676295502e-19
9 31 -2.0572882631111e-05
31 31  0.0000000000000e+00
76 31  1.3333333333334e-05
77 31 -5.1432206595556e-06
78 31  3.1086244689504e-19
79 31  1.0286441319111e-05
80 31 -1.3333333333333e-05
81 31 -5.1432206595556e-06
8 32  1.2212453270877e-19
9 32  3.0859323946666e-05
10 32 -2.2204460492503e-19
12 32  1.7763568394003e-19
13 32 -3.0859323946666e-05
32 32  0.0000000000000e+00
80 32 -1.3333333333333e-05
81 32  7.7148309893333e-06
82 32 -5.3333333333334e-05
83 32  4.4408920985006e-20
84 32 -1.3333333333334e-05
85 32 -7.7148309893333e-06
8 33  1.7777777777779e-05
9 33  2.1332741129143e-15
10 33  7.1111111111112e-05
12 33  1.7777777777778e-05
13 33 -2.1332935418172e-15
33 33  0.0000000000000e+00
80 33 -8.8888888888890e-06
81 33  7.7148309882667e-06
82 33 -3.5555555555556e-05
83 33  4.4408920985006e-20
84 33 -8.8888888888889e-06
85 33 -7.7148309882667e-06
8 34 -1.1102230246251e-20
9 34 -2.0572882631111e-05
10 34 -1.3322676295502e-19
11 34  4.1145765262222e-05
12 34  1.7763568394003e-19
13 34 -2.0572882631111e-05
34 34  0.0000000000000e+00
80 34  1.3333333333333e-05
81 34 -5.1432206595556e-06
82 34  5.7731597280508e-19
83 34  1.0286441319111e-05
84 34 -1.3333333333334e-05
85 34 -5.1432206595556e-06
12 35 -1.8873791418628e-19
13 35  3.0859323946667e-05
15 35 -2.2204460492503e-20
16 35  1.7763568394003e-19
17 35 -3.0859323946666e-05
35 35  0.0000000000000e+00
84 35 -1.3333333333332e-05
85 35  7.7148309893333e-06
86 35 -5.3333333333332e-05
87 35 -4.4408920985006e-20
88 35 -1.3333333333334e-05
89 35 -7.7148309893334e-06
12 36  1.7777777777778e-05
13 36  2.1333185218353e-15
14 36  7.1111111111109e-05
15 36 -2.2204460492503e-20
16 36  1.7777777777776e-05
17 36 -2.1333046440475e-15
36 36  0.0000000000000e+00
84 36 -8.8888888888886e-06
85 36  7.7148309882667e-06
86 36 -3.5555555555555e-05
88 36 -8.8888888888887e-06
89 36 -7.7148309882667e-06
12 37  6.6613381477509e-20
13 37 -2.0572882631111e-05
14 37  2.8865798640254e-19
15 37  4.1145765262222e-05
17 37 -2.0572882631111e-05
37 37  0.0000000000000e+00
84 37  1.3333333333332e-05
85 37 -5.1432206595556e-06
86 37  8.6597395920762e-19
87 37  1.0286441319111e-05
88 37 -1.3333333333334e-05
89 37 -5.1432206595555e-06
16 38  1.3322676295502e-19
17 38  3.0859323946666e-05
18 38 -1.3322676295502e-19
19 38 -2.2204460492503e-20
20 38  2.6645352591004e-19
21 38 -3.0859323946666e-05
38 38  0.0000000000000e+00
88 38 -1.3333333333333e-05
89 38  7.7148309893333e-06
90 38 -5.3333333333333e-05
91 38 -4.4408920985006e-20
92 38 -1.3333333333333e-05
93 38 -7.7148309893333e-06
16 39  1.7777777777779e-05
17 39  2.1333185218353e-15
18 39  7.1111111111111e-05
19 39 -2.2204460492503e-20
20 39  1.7777777777776e-05
21 39 -2.1332824395870e-15
39 39  0.0000000000000e+00
88 39 -8.8888888888892e-06
89 39  7.7148309882667e-06
90 39 -3.5555555555556e-05
91 39 -2.2204460492503e-20
92 39 -8.8888888888882e-06
93 39 -7.7148309882666e-06
16 40 -2.7755575615629e-20
17 40 -2.0572882631111e-05
18 40 -8.8817841970012e-20
19 40  4.1145765262222e-05
20 40  2.2204460492503e-19
21 40 -2.0572882631111e-05
40 40  0.0000000000000e+00
88 40  1.3333333333333e-05
89 40 -5.1432206595556e-06
90 40  1.0658141036401e-18
91 40  1.0286441319111e-05
92 40 -1.3333333333333e-05
93 40 -5.1432206595555e-06
20 41 -5.5511151231258e-20
21 41  3.0859323946666e-05
22 41 -8.8817841970012e-20
23 41 -4.4408920985006e-20
24 41  3.5527136788005e-19
41 41  0.0000000000000e+00
44 41 -3.0859323946666e-05
92 41 -1.3333333333335e-05
93 41  7.7148309893333e-06
94 41 -5.3333333333332e-05
95 41 -4.4408920985006e-20
96 41 -1.3333333333334e-05
97 41 -7.7148309893333e-06
20 42  1.7777777777778e-05
21 42  2.1332852151446e-15
22 42  7.1111111111113e-05
23 42 -2.2204460492503e-20
24 42  1.7777777777776e-05
42 42  0.0000000000000e+00
44 42 -2.1332713373567e-15
92 42 -8.8888888888899e-06
93 42  7.7148309882667e-06
94 42 -3.5555555555555e-05
95 42 -4.4408920985006e-20
96 42 -8.8888888888889e-06
97 42 -7.7148309882667e-06
20 43  1.1102230246251e-20
21 43 -2.0572882631111e-05
22 43 -8.8817841970012e-20
23 43  4.1145765262222e-05
24 43  3.1086244689504e-19
43 43  0.0000000000000e+00
44 43 -2.0572882631111e-05
92 43  1.3333333333333e-05
93 43 -5.1432206595556e-06
94 43  1.7985612998928e-18
95 43  1.0286441319111e-05
96 43 -1.3333333333334e-05
97 43 -5.1432206595556e-06
20 44 -1.1102230246252e-20
21 44 -4.1551844020214e-04
22 44  8.8817841970012e-20
23 44  7.8166196208960e-04
24 44 -8.8817841970014e-20
25 44  0.0000000000000e+00
41 44 -3.0859323946666e-05
42 44 -2.1332713373567e-15
43 44 -2.0572882631111e-05
44 44  3.5051888887706e-03
45 44  8.8817841970012e-20
46 44  7.8166196208943e-04
47 44  3.0859323946667e-05
48 44  2.1333129707202e-15
49 44 -2.0572882631111e-05
50 44  1.8932661725304e-33
51 44 -4.1551844020211e-04
73 44  0.0000000000000e+00
92 44 -4.4444444444442e-06
93 44 -4.4258592148528e-05
94 44  1.7777777777777e-05
95 44  8.2345319505584e-05
96 44  1.1384122811098e-18
97 44  3.7669890809025e-04
98 44 -1.7777777777779e-05
99 44  8.2345319505587e-05
100 44  4.4444444444449e-06
101 44 -4.4258592148524e-05
114 44  0.0000000000000e+00
24 45  8.3915845556393e-04
44 45  8.8817841970012e-20
45 45  7.0424337666104e-03
46 45  8.8817841970012e-20
47 45  4.4408920985006e-19
48 45  7.1111111111109e-05
49 45 -1.3322676295502e-19
50 45  8.3915845556417e-04
96 45  7.4169955402996e-05
97 45  1.7777777777777e-05
98 45  6.3450540850039e-04
99 45  1.5099033134902e-18
100 45  7.4169955402985e-05
101 45 -1.7777777777779e-05
24 46  8.8817841970012e-20
25 46  0.0000000000000e+00
44 46  7.8166196208943e-04
45 46  8.8817841970012e-20
46 46  6.9116279409122e-03
47 46  8.8817841970012e-20
49 46  4.1145765262222e-05
50 46 -6.6613381477509e-20
51 46  7.8166196208968e-04
73 46  0.0000000000000e+00
96 46  1.7777777777777e-05
97 46  8.2345319505587e-05
98 46  1.6431300764452e-18
99 46  7.4105408659755e-04
100 46 -1.7777777777779e-05
101 46  8.2345319505574e-05
114 46  0.0000000000000e+00
24 47 -4.1078251911131e-19
44 47  3.0859323946667e-05
45 47  4.4408920985006e-19
46 47  8.8817841970012e-20
47 47  0.0000000000000e+00
50 47 -6.2172489379009e-19
51 47 -3.0859323946666e-05
96 47 -1.3333333333333e-05
97 47  7.7148309893334e-06
98 47 -5.3333333333331e-05
100 47 -1.3333333333333e-05
101 47 -7.7148309893333e-06
24 48  1.7777777777778e-05
44 48  2.1333129707202e-15
45 48  7.1111111111109e-05
48 48  0.0000000000000e+00
50 48  1.7777777777776e-05
51 48 -2.1332824395870e-15
96 48 -8.8888888888895e-06
97 48  7.7148309882667e-06
98 48 -3.5555555555554e-05
99 48 -2.2204460492503e-20
100 48 -8.8888888888879e-06
101 48 -7.7148309882667e-06
24 49  2.8310687127941e-19
44 49 -2.0572882631111e-05
45 49 -1.3322676295502e-19
46 49  4.1145765262222e-05
49 49  0.0000000000000e+00
50 49 -3.9968028886505e-19
51 49 -2.0572882631111e-05
96 49  1.3333333333331e-05
97 49 -5.1432206595556e-06
98 49  1.5987211554602e-18
99 49  1.0286441319111e-05
100 49 -1.3333333333334e-05
101 49 -5.1432206595555e-06
24 50 -4.3192295736069e-04
44 50  1.8932661725304e-33
45 50  8.3915845556417e-04
46 50 -6.6613381477509e-20
47 50 -6.2172489379009e-19
48 50  1.7777777777776e-05
49 50 -3.9968028886505e-19
50 50  3.5459043424626e-03
51 50 -7.7037197775489e-34
52 50  8.3915845556406e-04
53 50  1.7763568394003e-19
54 50 -3.1086244689504e-19
55 50  1.7777777777779e-05
56 50  2.4424906541753e-19
57 50 -4.3192295736072e-04
58 50 -3.8857805861881e-20
96 50 -3.8627943899365e-05
97 50 -4.4444444444440e-06
98 50  7.4169955402989e-05
99 50  1.7777777777777e-05
100 50  3.2033863664593e-04
101 50  4.3368086899420e-19
102 50  7.4169955403007e-05
103 50 -1.7777777777778e-05
104 50 -3.8627943899363e-05
105 50  4.4444444444448e-06
24 51  1.1102230246253e-20
25 51  0.0000000000000e+00
44 51 -4.1551844020211e-04
46 51  7.8166196208968e-04
47 51 -3.0859323946666e-05
48 51 -2.1332824395870e-15
49 51 -2.0572882631111e-05
50 51 -7.7037197775489e-34
51 51  3.5051888887709e-03
52 51  4.4408920985006e-20
53 51  7.8166196208956e-04
54 51  3.0859323946667e-05
55 51  2.1333101951626e-15
56 51 -2.0572882631111e-05
57 51 -2.7755575615629e-20
58 51 -4.1551844020214e-04
73 51  0.0000000000000e+00
96 51 -4.4444444444440e-06
97 51 -4.4258592148526e-05
98 51  1.7777777777777e-05
99 51  8.2345319505577e-05
100 51  4.3368086899420e-19
101 51  3.7669890809025e-04
102 51 -1.7777777777778e-05
103 51  8.2345319505597e-05
104 51  4.4444444444449e-06
105 51 -4.4258592148525e-05
114 51  0.0000000000000e+00
50 52  8.3915845556406e-04
51 52  4.4408920985006e-20
52 52  7.0424337666107e-03
53 52 -2.6645352591004e-19
54 52  4.4408920985006e-19
55 52  7.1111111111113e-05
56 52 -3.3306690738755e-19
57 52  8.3915845556415e-04
58 52  1.3322676295502e-19
100 52  7.4169955403000e-05
101 52  1.7777777777777e-05
102 52  6.3450540850043e-04
103 52  1.2656542480727e-18
104 52  7.4169955402980e-05
105 52 -1.7777777777779e-05
25 53  0.0000000000000e+00
50 53  1.7763568394003e-19
51 53  7.8166196208956e-04
52 53 -2.6645352591004e-19
53 53  6.9116279409125e-03
54 53  8.8817841970012e-20
55 53 -2.2204460492503e-20
56 53  4.1145765262222e-05
57 53  1.3322676295502e-19
58 53  7.8166196208966e-04
73 53  0.0000000000000e+00
100 53  1.7777777777778e-05
101 53  8.2345319505595e-05
102 53  1.3322676295502e-18
103 53  7.4105408659760e-04
104 53 -1.7777777777779e-05
105 53  8.2345319505570e-05
114 53  0.0000000000000e+00
50 54 -3.1086244689504e-19
51 54  3.0859323946667e-05
52 54  4.4408920985006e-19
53 54  8.8817841970012e-20
54 54  0.0000000000000e+00
57 54 -8.8817841970012e-20
58 54 -3.0859323946666e-05
100 54 -1.3333333333335e-05
101 54  7.7148309893334e-06
102 54 -5.3333333333332e-05
103 54 -4.4408920985006e-20
104 54 -1.3333333333333e-05
105 54 -7.7148309893334e-06
50 55  1.7777777777779e-05
51 55  2.1333101951626e-15
52 55  7.1111111111113e-05
53 55 -2.2204460492503e-20
55 55  0.0000000000000e+00
57 55  1.7777777777775e-05
58 55 -2.1332713373567e-15
100 55 -8.8888888888908e-06
101 55  7.7148309882667e-06
102 55 -3.5555555555555e-05
103 55 -4.4408920985006e-20
104 55 -8.8888888888879e-06
105 55 -7.7148309882667e-06
50 56  2.4424906541753e-19
51 56 -2.0572882631111e-05
52 56 -3.3306690738755e-19
53 56  4.1145765262222e-05
56 56  0.0000000000000e+00
57 56  4.4408920985006e-20
58 56 -2.0572882631111e-05
100 56  1.3333333333333e-05
101 56 -5.1432206595556e-06
102 56  2.0428103653103e-18
103 56  1.0286441319111e-05
104 56 -1.3333333333334e-05
105 56 -5.1432206595556e-06
50 57 -4.3192295736072e-04
51 57 -2.7755575615629e-20
52 57  8.3915845556415e-04
53 57  1.3322676295502e-19
54 57 -8.8817841970012e-20
55 57  1.7777777777775e-05
56 57  4.4408920985006e-20
57 57  3.5459043424626e-03
58 57  1.3322676295502e-19
59 57  8.3915845556408e-04
60 57 -1.3322676295502e-19
61 57 -2.2204460492503e-19
62 57  1.7777777777781e-05
63 57  1.7763568394003e-19
64 57 -4.3192295736070e-04
65 57  3.8857805861880e-20
100 57 -3.8627943899366e-05
101 57 -4.4444444444440e-06
102 57  7.4169955402987e-05
103 57  1.7777777777777e-05
104 57  3.2033863664593e-04
105 57  1.2468324983583e-18
106 57  7.4169955402999e-05
107 57 -1.7777777777778e-05
108 57 -3.8627943899363e-05
109 57  4.4444444444445e-06
25 58  0.0000000000000e+00
50 58 -3.8857805861881e-20
51 58 -4.1551844020214e-04
52 58  1.3322676295502e-19
53 58  7.8166196208966e-04
54 58 -3.0859323946666e-05
55 58 -2.1332713373567e-15
56 58 -2.0572882631111e-05
57 58  1.3322676295502e-19
58 58  3.5051888887709e-03
59 58 -2.6645352591004e-19
60 58  7.8166196208958e-04
61 58  3.0859323946667e-05
62 58  2.1333212973929e-15
63 58 -2.0572882631111e-05
64 58  3.8857805861880e-20
65 58 -4.1551844020212e-04
73 58  0.0000000000000e+00
100 58 -4.4444444444441e-06
101 58 -4.4258592148527e-05
102 58  1.7777777777777e-05
103 58  8.2345319505573e-05
104 58  1.1926223897341e-18
105 58  3.7669890809025e-04
106 58 -1.7777777777779e-05
107 58  8.2345319505594e-05
108 58  4.4444444444446e-06
109 58 -4.4258592148525e-05
114 58  0.0000000000000e+00
57 59  8.3915845556408e-04
58 59 -2.6645352591004e-19
59 59  7.0424337666104e-03
60 59  2.2204460492503e-19
61 59 -1.7763568394003e-19
62 59  7.1111111111109e-05
63 59  4.8849813083507e-19
64 59  8.3915845556403e-04
65 59 -4.4408920985006e-20
104 59  7.4169955403007e-05
105 59  1.7777777777777e-05
106 59  6.3450540850041e-04
107 59  9.3258734068513e-19
108 59  7.4169955402981e-05
109 59 -1.7777777777778e-05
25 60  0.0000000000000e+00
57 60 -1.3322676295502e-19
58 60  7.8166196208958e-04
59 60  2.2204460492503e-19
60 60  6.9116279409122e-03
62 60 -2.2204460492503e-20
63 60  4.1145765262222e-05
64 60 -6.6613381477509e-20
65 60  7.8166196208953e-04
73 60  0.0000000000000e+00
104 60  1.7777777777777e-05
105 60  8.2345319505597e-05
106 60  8.8817841970013e-19
107 60  7.4105408659757e-04
108 60 -1.7777777777778e-05
109 60  8.2345319505570e-05
114 60  0.0000000000000e+00
57 61 -2.2204460492503e-19
58 61  3.0859323946667e-05
59 61 -1.7763568394003e-19
61 61  0.0000000000000e+00
64 61 -8.8817841970012e-20
65 61 -3.0859323946666e-05
104 61 -1.3333333333333e-05
105 61  7.7148309893334e-06
106 61 -5.3333333333332e-05
107 61 -4.4408920985006e-20
108 61 -1.3333333333332e-05
109 61 -7.7148309893334e-06
57 62  1.7777777777781e-05
58 62  2.1333212973929e-15
59 62  7.1111111111109e-05
60 62 -2.2204460492503e-20
62 62  0.0000000000000e+00
64 62  1.7777777777775e-05
65 62 -2.1332713373567e-15
104 62 -8.8888888888895e-06
105 62  7.7148309882667e-06
106 62 -3.5555555555555e-05
107 62 -4.4408920985006e-20
108 62 -8.8888888888876e-06
109 62 -7.7148309882667e-06
57 63  1.7763568394003e-19
58 63 -2.0572882631111e-05
59 63  4.8849813083507e-19
60 63  4.1145765262222e-05
63 63  0.0000000000000e+00
64 63 -2.6645352591004e-19
65 63 -2.0572882631111e-05
104 63  1.3333333333333e-05
105 63 -5.1432206595556e-06
106 63  1.9539925233403e-18
107 63  1.0286441319111e-05
108 63 -1.3333333333333e-05
109 63 -5.1432206595556e-06
1 64 -4.4444444444445e-06
57 64 -4.3192295736070e-04
58 64  3.8857805861880e-20
59 64  8.3915845556403e-04
60 64 -6.6613381477509e-20
61 64 -8.8817841970012e-20
62 64  1.7777777777775e-05
63 64 -2.6645352591004e-19
64 64  3.5459043424628e-03
65 64  1.3322676295502e-19
66 64  8.3915845556430e-04
67 64 -6.6613381477509e-20
68 64 -3.4416913763380e-19
69 64  1.7777777777781e-05
70 64  3.4972025275692e-19
71 64 -4.3192295736074e-04
104 64 -3.8627943899365e-05
105 64 -4.4444444444443e-06
106 64  7.4169955402984e-05
107 64  1.7777777777777e-05
108 64  3.2033863664593e-04
109 64  6.5052130349130e-19
110 64  7.4169955403000e-05
111 64 -1.7777777777778e-05
112 64 -3.8627943899363e-05
113 64  4.4444444444445e-06
1 65 -4.4258592111558e-05
25 65  0.0000000000000e+00
57 65  3.8857805861880e-20
58 65 -4.1551844020212e-04
59 65 -4.4408920985006e-20
60 65  7.8166196208953e-04
61 65 -3.0859323946666e-05
62 65 -2.1332713373567e-15
63 65 -2.0572882631111e-05
64 65  1.3322676295502e-19
65 65  3.5051888887711e-03
66 65 -1.3322676295502e-19
67 65  7.8166196208981e-04
68 65  3.0859323946666e-05
69 65  2.1333101951626e-15
70 65 -2.0572882631111e-05
71 65 -5.5511151231258e-21
72 65 -4.1551844020217e-04
73 65  0.0000000000000e+00
104 65 -4.4444444444443e-06
105 65 -4.4258592148526e-05
106 65  1.7777777777777e-05
107 65  8.2345319505571e-05
108 65  7.0473141211558e-19
109 65  3.7669890809025e-04
110 65 -1.7777777777779e-05
111 65  8.2345319505594e-05
112 65  4.4444444444446e-06
113 65 -4.4258592148525e-05
114 65  0.0000000000000e+00
1 66  1.7777777777778e-05
64 66  8.3915845556430e-04
65 66 -1.3322676295502e-19
66 66  7.0424337666108e-03
67 66 -4.4408920985006e-20
68 66 -2.6645352591004e-19
69 66  7.1111111111112e-05
70 66  1.7763568394003e-19
71 66  8.3915845556400e-04
72 66  1.3322676295502e-19
108 66  7.4169955403007e-05
109 66  1.7777777777777e-05
110 66  6.3450540850043e-04
111 66  6.6613381477509e-19
112 66  7.4169955402983e-05
113 66 -1.7777777777778e-05
1 67  8.2345319435901e-05
25 67  0.0000000000000e+00
64 67 -6.6613381477509e-20
65 67  7.8166196208981e-04
66 67 -4.4408920985006e-20
67 67  6.9116279409126e-03
68 67  8.8817841970012e-20
69 67 -2.2204460492503e-20
70 67  4.1145765262222e-05
71 67  6.6613381477509e-20
72 67  7.8166196208951e-04
73 67  0.0000000000000e+00
108 67  1.7777777777777e-05
109 67  8.2345319505597e-05
110 67  6.2172489379009e-19
111 67  7.4105408659760e-04
112 67 -1.7777777777778e-05
113 67  8.2345319505571e-05
114 67  0.0000000000000e+00
1 68 -7.7148309840000e-06
64 68 -3.4416913763380e-19
65 68  3.0859323946666e-05
66 68 -2.6645352591004e-19
67 68  8.8817841970012e-20
68 68  0.0000000000000e+00
71 68  8.8817841970012e-20
72 68 -3.0859323946666e-05
108 68 -1.3333333333335e-05
109 68  7.7148309893334e-06
110 68 -5.3333333333336e-05
111 68 -4.4408920985006e-20
112 68 -1.3333333333331e-05
113 68 -7.7148309893334e-06
1 69  7.7148309850667e-06
64 69  1.7777777777781e-05
65 69  2.1333101951626e-15
66 69  7.1111111111112e-05
67 69 -2.2204460492503e-20
69 69  0.0000000000000e+00
71 69  1.7777777777775e-05
72 69 -2.1332713373567e-15
108 69 -8.8888888888894e-06
109 69  7.7148309882667e-06
110 69 -3.5555555555557e-05
111 69 -4.4408920985006e-20
112 69 -8.8888888888873e-06
113 69 -7.7148309882667e-06
1 70 -5.1432206560000e-06
64 70  3.4972025275692e-19
65 70 -2.0572882631111e-05
66 70  1.7763568394003e-19
67 70  4.1145765262222e-05
70 70  0.0000000000000e+00
71 70 -8.8817841970012e-20
72 70 -2.0572882631111e-05
108 70  1.3333333333334e-05
109 70 -5.1432206595556e-06
110 70  2.4868995751603e-18
111 70  1.0286441319111e-05
112 70 -1.3333333333332e-05
113 70 -5.1432206595556e-06
1 71 -1.3333333333333e-05
64 71 -4.3192295736074e-04
65 71 -5.5511151231258e-21
66 71  8.3915845556400e-04
67 71  6.6613381477509e-20
68 71  8.8817841970012e-20
69 71  1.7777777777775e-05
70 71 -8.8817841970012e-20
71 71  1.7729521712312e-03
72 71  8.8817841970012e-20
108 71 -3.8627943899365e-05
109 71 -4.4444444444443e-06
110 71  7.4169955402982e-05
111 71  1.7777777777777e-05
112 71  1.6016931832295e-04
113 71  1.3333333333333e-05
1 72  1.8834945388941e-04
25 72  3.0859323936000e-06
65 72 -4.1551844020217e-04
66 72  1.3322676295502e-19
67 72  7.8166196208951e-04
68 72 -3.0859323946666e-05
69 72 -2.1332713373567e-15
70 72 -2.0572882631111e-05
71 72  8.8817841970012e-20
72 72  1.7525944443853e-03
73 72  2.4687459157334e-05
108 72 -4.4444444444444e-06
109 72 -4.4258592148526e-05
110 72  1.7777777777778e-05
111 72  8.2345319505571e-05
112 72 -1.3333333333334e-05
113 72  1.8834945404511e-04
114 72  3.0859323957333e-06
1 73 -4.6087272236090e-01
21 73  4.1145765262222e-07
23 73  1.6458306104889e-06
25 73 -7.7148309840000e-03
44 73  8.2291530524440e-07
46 73  1.6458306104888e-06
51 73  8.2291530524448e-07
53 73  1.6458306104889e-06
58 73  8.2291530524448e-07
60 73  1.6458306104889e-06
65 73  8.2291530524443e-07
67 73  1.6458306104889e-06
72 73  9.2174595888456e-01
73 73 -6.1718647893334e-02
93 73  5.1432206595557e-08
95 73  2.0572882638222e-07
97 73  1.0286441319111e-07
99 73  2.0572882638221e-07
101 73  1.0286441319112e-07
103 73  2.0572882638222e-07
105 73  1.0286441319111e-07
107 73  2.0572882638221e-07
109 73  1.0286441319111e-07
111 73  2.0572882638222e-07
113 73 -4.6087272220159e-01
114 73 -7.7148309893333e-03
2 74  6.3450540850042e-04
3 74  1.3322676295502e-19
4 74  7.4169955402995e-05
5 74  1.7777777777778e-05
26 74 -5.3333333333333e-05
27 74 -3.5555555555555e-05
28 74  2.8865798640254e-19
74 74  4.0910777083480e-03
76 74  4.8796744467416e-04
115 74  9.0692756264867e-04
116 74 -1.3322676295502e-19
117 74  5.3333333333333e-05
118 74 -3.5555555555555e-05
119 74 -2.8310687127941e-19
120 74  1.0680053155775e-04
121 74 -1.7777777777778e-05
186 74 -5.1123002072634e-04
187 74  5.5511151231258e-21
188 74 -6.0621045699680e-05
189 74  4.4444444444445e-06
2 75  1.3322676295502e-19
3 75  7.4105408659758e-04
4 75  1.7777777777777e-05
5 75  8.2345319505585e-05
27 75  2.2204460492503e-20
28 75  1.0286441319111e-05
75 75  3.9751218090070e-03
76 75  5.4210108624275e-20
77 75  4.5005568838721e-04
115 75 -1.9984014443253e-19
116 75  9.9445387624698e-04
117 75 -4.9960036108132e-20
118 75 -1.1102230246251e-20
119 75  1.3130827546667e-05
120 75 -1.7777777777778e-05
121 75  1.1117590698421e-04
186 75  1.6653345369377e-20
187 75 -5.2611005819072e-04
188 75  4.4444444444445e-06
189 75 -5.9198343491617e-05
2 76  7.4169955402993e-05
3 76 -1.7777777777778e-05
4 76  3.2033863664594e-04
5 76  1.0842021724855e-19
6 76  7.4169955402998e-05
7 76  1.7777777777778e-05
8 76 -3.8627943899365e-05
9 76 -4.4444444444445e-06
26 76 -1.3333333333333e-05
27 76 -8.8888888888889e-06
28 76 -1.3333333333333e-05
29 76 -1.3333333333334e-05
30 76 -8.8888888888892e-06
31 76  1.3333333333334e-05
74 76  4.8796744467416e-04
75 76  5.4210108624275e-20
76 76  2.0595892154957e-03
77 76  5.4210108624275e-20
78 76  4.8796744467419e-04
79 76 -5.4210108624275e-20
80 76 -2.5100890299789e-04
115 76  1.0680053155775e-04
116 76  1.7777777777778e-05
117 76  1.3333333333333e-05
118 76 -8.8888888888888e-06
119 76  1.3333333333333e-05
120 76  4.5740302958835e-04
121 76 -2.7105054312138e-19
122 76  1.0680053155776e-04
123 76 -1.7777777777778e-05
124 76  1.3333333333334e-05
125 76 -8.8888888888892e-06
126 76 -1.3333333333334e-05
127 76 -5.5369889910877e-05
128 76  4.4444444444445e-06
186 76 -6.0621045699680e-05
187 76 -4.4444444444444e-06
188 76 -2.5758463449784e-04
189 76  2.7105054312138e-20
190 76 -6.0621045699684e-05
191 76  4.4444444444445e-06
192 76  3.1295334917174e-05
193 76 -1.1111111111111e-06
2 77 -1.7777777777778e-05
3 77  8.2345319505584e-05
4 77  5.4210108624275e-20
5 77  3.7669890809026e-04
6 77  1.7777777777778e-05
7 77  8.2345319505588e-05
8 77 -4.4444444444445e-06
9 77 -4.4258592148527e-05
26 77 -7.7148309893334e-06
27 77 -7.7148309882667e-06
28 77 -5.1432206595556e-06
29 77  7.7148309893333e-06
30 77  7.7148309882667e-06
31 77 -5.1432206595556e-06
75 77  4.5005568838721e-04
76 77  5.4210108624275e-20
77 77  2.0156616271468e-03
79 77  4.5005568838724e-04
81 77 -2.3907820551521e-04
115 77  1.7777777777778e-05
116 77  1.1117590698421e-04
117 77 -9.8481206599999e-06
118 77  9.8481206653332e-06
119 77 -6.5654137733334e-06
120 77 -2.1684043449710e-19
121 77  5.0510543465151e-04
122 77 -1.7777777777778e-05
123 77  1.1117590698422e-04
124 77  9.8481206600000e-06
125 77 -9.8481206653333e-06
126 77 -6.5654137733334e-06
127 77  4.4444444444445e-06
128 77 -5.9527201756105e-05
186 77 -4.4444444444444e-06
187 77 -5.9198343491617e-05
189 77 -2.6699427736470e-04
190 77  4.4444444444444e-06
191 77 -5.9198343491621e-05
192 77 -1.1111111111111e-06
193 77  3.1568795880476e-05
4 78  7.4169955402997e-05
5 78 -1.7777777777778e-05
6 78  6.3450540850042e-04
8 78  7.4169955402991e-05
9 78  1.7777777777778e-05
29 78 -5.3333333333333e-05
30 78 -3.5555555555555e-05
31 78  3.1086244689504e-19
76 78  4.8796744467419e-04
78 78  4.0910777083480e-03
79 78 -4.4408920985006e-20
80 78  4.8796744467415e-04
120 78  1.0680053155776e-04
121 78  1.7777777777778e-05
122 78  9.0692756264867e-04
123 78  4.4408920985006e-20
124 78  5.3333333333333e-05
125 78 -3.5555555555555e-05
126 78 -4.1078251911131e-19
127 78  1.0680053155775e-04
128 78 -1.7777777777778e-05
188 78 -6.0621045699684e-05
189 78 -4.4444444444445e-06
190 78 -5.1123002072634e-04
191 78 -1.1102230246251e-20
192 78 -6.0621045699678e-05
193 78  4.4444444444445e-06
4 79 -1.7777777777778e-05
5 79  8.2345319505588e-05
7 79  7.4105408659759e-04
8 79  1.7777777777778e-05
9 79  8.2345319505581e-05
30 79  2.2204460492503e-20
31 79  1.0286441319111e-05
76 79 -5.4210108624275e-20
77 79  4.5005568838724e-04
78 79 -4.4408920985006e-20
79 79  3.9751218090070e-03
80 79  1.6263032587283e-19
81 79  4.5005568838719e-04
120 79  1.7777777777778e-05
121 79  1.1117590698421e-04
122 79 -4.4408920985006e-20
123 79  9.9445387624698e-04
126 79  1.3130827546667e-05
127 79 -1.7777777777778e-05
128 79  1.1117590698420e-04
188 79 -4.4444444444445e-06
189 79 -5.9198343491621e-05
190 79  2.2204460492503e-20
191 79 -5.2611005819072e-04
192 79  4.4444444444445e-06
193 79 -5.9198343491615e-05
4 80 -3.8627943899365e-05
5 80  4.4444444444445e-06
6 80  7.4169955402993e-05
7 80 -1.7777777777778e-05
8 80  3.2033863664594e-04
9 80  5.4210108624275e-20
10 80  7.4169955402998e-05
11 80  1.7777777777778e-05
12 80 -3.8627943899366e-05
13 80 -4.4444444444445e-06
29 80 -1.3333333333333e-05
30 80 -8.8888888888885e-06
31 80 -1.3333333333333e-05
32 80 -1.3333333333333e-05
33 80 -8.8888888888890e-06
34 80  1.3333333333333e-05
76 80 -2.5100890299789e-04
78 80  4.8796744467415e-04
79 80  1.6263032587283e-19
80 80  2.0595892154956e-03
81 80  1.6263032587283e-19
82 80  4.8796744467419e-04
83 80 -5.4210108624275e-20
84 80 -2.5100890299789e-04
85 80 -1.3552527156069e-20
120 80 -5.5369889910877e-05
121 80 -4.4444444444445e-06
122 80  1.0680053155775e-04
123 80  1.7777777777778e-05
124 80  1.3333333333333e-05
125 80 -8.8888888888884e-06
126 80  1.3333333333333e-05
127 80  4.5740302958835e-04
128 80 -2.7105054312138e-19
129 80  1.0680053155776e-04
130 80 -1.7777777777778e-05
131 80  1.3333333333334e-05
132 80 -8.8888888888892e-06
133 80 -1.3333333333333e-05
134 80 -5.5369889910879e-05
135 80  4.4444444444444e-06
188 80  3.1295334917174e-05
189 80  1.1111111111111e-06
190 80 -6.0621045699678e-05
191 80 -4.4444444444444e-06
192 80 -2.5758463449784e-04
194 80 -6.0621045699684e-05
195 80  4.4444444444445e-06
196 80  3.1295334917175e-05
197 80 -1.1111111111111e-06
4 81  4.4444444444445e-06
5 81 -4.4258592148527e-05
6 81 -1.7777777777778e-05
7 81  8.2345319505582e-05
8 81  1.0842021724855e-19
9 81  3.7669890809025e-04
10 81  1.7777777777778e-05
11 81  8.2345319505588e-05
12 81 -4.4444444444444e-06
13 81 -4.4258592148528e-05
