%%MatrixMarket matrix coordinate real general
3973 3973 80151
1 1  2.0709088396635e+01
2 1  2.4290027994592e+00
3 1 -7.7626159732383e+00
4 1 -9.2621595485503e+00
5 1 -2.2340862753893e+00
6 1  7.1397010373105e+00
25 1  3.4694469519536e-18
26 1  2.1237872571689e-13
27 1 -2.6472075564006e-03
79 1 -1.2532825612662e+00
80 1  4.0052449635842e+00
86 1  8.3473099032264e-01
87 1 -2.6676363321928e+00
1 2  2.4290027994592e+00
2 2  7.4352249356366e+01
4 2 -6.9729911499041e-01
5 2 -3.3881419448602e+01
25 2  3.4694469519536e-18
26 2  2.7572734563555e-03
27 2  2.7480010403555e-03
79 2  5.7575772879612e+00
86 2 -6.4651373665858e+00
1 3 -7.7626159732383e+00
3 3  7.4352249356366e+01
4 3  2.5658656824755e+00
6 3 -3.3881419448602e+01
26 3  8.6277936888899e-04
27 3  1.2015543770666e-02
80 3  5.7575772879612e+00
87 3 -6.4651373665858e+00
1 4 -9.2621595485503e+00
2 4 -6.9729911499041e-01
3 4  2.5658656824755e+00
4 4  1.6797430878466e+01
5 4  1.9408957386070e+00
6 4 -7.1419533768131e+00
7 4 -8.8479689331144e+00
8 4 -1.8131890832276e+00
9 4  6.6720286093535e+00
10 4  1.0239042124156e+00
11 4  3.0189902579422e-01
12 4 -1.1109039624535e+00
25 4  2.0374459968961e-03
26 4 -2.0374481591601e-03
27 4  1.3512424099360e-03
28 4 -2.0374459968961e-03
29 4  2.0374481588007e-03
30 4  1.3512424104973e-03
79 4  4.1688256291778e-01
80 4 -1.5340112138646e+00
86 4 -9.3889233968557e-01
87 4  3.4548611666766e+00
88 4  6.8489930929888e-01
89 4 -2.5202378662209e+00
97 4 -1.0143082424313e-01
98 4  3.7323705921271e-01
1 5 -2.2340862753893e+00
2 5 -3.3881419448602e+01
4 5  1.9408957386070e+00
5 5  6.0635028973425e+01
7 5 -6.3137930007411e-01
8 5 -3.2372146694087e+01
10 5  3.8971755751079e-02
11 5  3.8049711885673e+00
25 5 -1.8101613560000e-03
26 5  6.9749575822225e-04
27 5 -1.2065767930666e-03
28 5  1.8101613560000e-03
29 5  6.9750091606664e-04
30 5 -1.2066251532000e-03
79 5 -1.6429900864603e+00
86 5  5.5008252023155e+00
88 5 -5.9439667564603e+00
97 5  1.0424800739484e+00
1 6  7.1397010373105e+00
3 6 -3.3881419448602e+01
4 6 -7.1419533768131e+00
6 6  6.0635028973425e+01
7 6  2.7279433439731e+00
9 6 -3.2372146694087e+01
10 6 -2.0314781393554e-01
12 6  3.8049711885673e+00
25 6 -8.9373242266668e-03
26 6  1.8956149466691e-04
27 6 -5.9588471431112e-03
28 6  8.9373242266668e-03
29 6  1.8954251133327e-04
30 6 -5.9588602857779e-03
80 6 -1.6429900864603e+00
87 6  5.5008252023155e+00
89 6 -5.9439667564603e+00
98 6  1.0424800739484e+00
4 7 -8.8479689331144e+00
5 7 -6.3137930007411e-01
6 7  2.7279433439731e+00
7 7  1.9008363371953e+01
8 7  1.6568663310239e+00
9 7 -7.1586722577683e+00
10 7 -8.5096790060321e+00
11 7 -1.4412520913999e+00
12 7  6.2270873455307e+00
29 7 -5.0318429978269e-13
30 7 -2.7505587384007e-03
86 7  3.5698242403118e-01
87 7 -1.5423816197917e+00
88 7 -8.6246927587488e-01
89 7  3.7263928675330e+00
97 7  5.5184904169703e-01
98 7 -2.3843241614013e+00
4 8 -1.8131890832276e+00
5 8 -3.2372146694087e+01
7 8  1.6568663310239e+00
8 8  6.8158215451651e+01
10 8 -5.5695597613763e-01
11 8 -3.1139455173829e+01
28 8 -3.4694469519536e-18
29 8  2.8147017099555e-03
30 8  2.0749350841778e-03
86 8 -1.8300066950065e+00
88 8  5.1643589231945e+00
97 8 -5.4586793688105e+00
4 9  6.6720286093535e+00
6 9 -3.2372146694087e+01
7 9 -7.1586722577683e+00
9 9  6.8158215451651e+01
10 9  2.9032407401240e+00
12 9 -3.1139455173829e+01
29 9  6.5145943022221e-04
30 9  1.1832631504889e-02
87 9 -1.8300066950065e+00
89 9  5.1643589231945e+00
98 9 -5.4586793688105e+00
4 10  1.0239042124156e+00
5 10  3.8971755751079e-02
6 10 -2.0314781393554e-01
7 10 -8.5096790060321e+00
8 10 -5.5695597613763e-01
9 10  2.9032407401240e+00
10 10  1.5576845823617e+01
11 10  1.2831126437024e+00
12 10 -6.6884728074887e+00
13 10 -8.2307957712618e+00
14 10 -1.1154895073150e+00
15 10  5.8147047909894e+00
16 10  9.5550181174887e-01
17 10  1.7861137846420e-01
18 10 -9.3104635343534e-01
28 10  2.1040940664068e-03
29 10 -2.1040962295544e-03
30 10  1.3956744573905e-03
31 10 -2.1040940664068e-03
32 10  2.1040962294578e-03
33 10  1.3956744566663e-03
86 10 -2.8390241991282e-02
87 10  1.4798962701264e-01
88 10  2.9927462875172e-01
89 10 -1.5600268816629e+00
97 10 -6.2321701896132e-01
98 10  3.2486392406354e+00
99 10  4.3360847151996e-01
100 10 -2.2602680170696e+00
108 10 -6.2028605540004e-02
109 10  3.2333610262280e-01
4 11  3.0189902579422e-01
5 11  3.8049711885673e+00
7 11 -1.4412520913999e+00
8 11 -3.1139455173829e+01
10 11  1.2831126437024e+00
11 11  5.6190690814429e+01
13 11 -4.7434771579750e-01
14 11 -3.0123235224515e+01
16 11  3.7679890980261e-02
17 11  3.5551242945727e+00
28 11 -1.3004522606666e-03
29 11  7.0984994077780e-04
30 11 -8.6681908964442e-04
31 11  1.3004522606666e-03
32 11  7.0985364575552e-04
33 11 -8.6686830599997e-04
86 11  9.8136962128830e-02
88 11 -2.0231608374650e+00
97 11  5.0471943796781e+00
99 11 -5.0186119141231e+00
108 11  8.4672186354347e-01
4 12 -1.1109039624535e+00
6 12  3.8049711885673e+00
7 12  6.2270873455307e+00
9 12 -3.1139455173829e+01
10 12 -6.6884728074887e+00
12 12  5.6190690814429e+01
13 12  3.1043256425425e+00
15 12 -3.0123235224515e+01
16 12 -3.2990378677565e-01
18 12  3.5551242945727e+00
28 12 -8.8193526466669e-03
29 12  1.3618720111123e-04
30 12 -5.8802125657779e-03
31 12  8.8193526466666e-03
32 12  1.3616788533311e-04
33 12 -5.8802220062222e-03
87 12  9.8136962128830e-02
89 12 -2.0231608374650e+00
98 12  5.0471943796781e+00
100 12 -5.0186119141231e+00
109 12  8.4672186354347e-01
10 13 -8.2307957712618e+00
11 13 -4.7434771579750e-01
12 13  3.1043256425425e+00
13 13  1.7862936748707e+01
14 13  1.0299856399636e+00
15 13 -6.7406476875593e+00
16 13 -8.0159436049416e+00
17 13 -8.2870444798910e-01
18 13  5.4233811659795e+00
31 13  1.7347234759768e-18
32 13  8.8539765796813e-13
33 13 -2.8248080733304e-03
97 13  2.4264344014059e-01
98 13 -1.5879580066213e+00
99 13 -5.3993558956944e-01
100 13  3.5335595391319e+00
108 13  3.2799798032071e-01
109 13 -2.1465530603427e+00
10 14 -1.1154895073150e+00
11 14 -3.0123235224515e+01
13 14  1.0299856399636e+00
14 14  6.3988369812950e+01
16 14 -3.7925708430716e-01
17 14 -2.9340197480039e+01
31 14 -1.9081958235745e-17
32 14  2.8559592043556e-03
33 14  1.3899483968889e-03
97 14 -2.2382336772432e+00
99 14  4.7650229931357e+00
108 14 -4.6077281451627e+00
10 15  5.8147047909894e+00
12 15 -3.0123235224515e+01
13 15 -6.7406476875593e+00
15 15  6.3988369812950e+01
16 15  3.3205602516199e+00
18 15 -2.9340197480039e+01
31 15 -1.0408340855861e-16
32 15  4.3639677511108e-04
33 15  1.1701224074667e-02
98 15 -2.2382336772432e+00
100 15  4.7650229931357e+00
109 15 -4.6077281451627e+00
10 16  9.5550181174887e-01
11 16  3.7679890980261e-02
12 16 -3.2990378677565e-01
13 16 -8.0159436049416e+00
14 16 -3.7925708430716e-01
15 16  3.3205602516199e+00
16 16  1.4801543679348e+01
17 16  7.3027073883271e-01
18 16 -6.3938370267200e+00
19 16 -7.8549228278308e+00
20 16 -5.7785796896063e-01
21 16  5.0593971271962e+00
22 16  9.1603689341028e-01
23 16  8.7328240737226e-02
24 16 -7.6459662069509e-01
31 16  2.1487399934145e-03
32 16 -2.1487421538760e-03
33 16  1.4254384074901e-03
34 16 -2.1487399934145e-03
35 16  2.1487421538785e-03
36 16  1.4254384081324e-03
97 16 -1.9885520529496e-02
98 16  1.7410635630879e-01
99 16  1.8558289427142e-01
100 16 -1.6248587240605e+00
108 16 -3.5574589018623e-01
109 16  3.1147095506140e+00
110 16  2.3339016403235e-01
111 16 -2.0434321041640e+00
119 16 -3.1855622675094e-02
120 16  2.7890979185995e-01
10 17  1.7861137846420e-01
11 17  3.5551242945727e+00
13 17 -8.2870444798910e-01
14 17 -2.9340197480039e+01
16 17  7.3027073883271e-01
17 17  5.3368266054845e+01
19 17 -2.7044478746185e-01
20 17 -2.8753457201720e+01
22 17  1.7641749224681e-02
23 17  3.4109338290024e+00
31 17 -7.8327192133332e-04
32 17  7.1812595615556e-04
33 17 -5.2208141311110e-04
34 17  7.8327192133333e-04
35 17  7.1812818757778e-04
36 17 -5.2213120315555e-04
97 17  2.3074656803818e-01
99 17 -2.4635468144544e+00
108 17  4.7591144354910e+00
110 17 -4.2315275092680e+00
119 17  6.7254373294241e-01
10 18 -9.3104635343534e-01
12 18  3.5551242945727e+00
13 18  5.4233811659795e+00
15 18 -2.9340197480039e+01
16 18 -6.3938370267200e+00
18 18  5.3368266054845e+01
19 18  3.5603460071735e+00
21 18 -2.8753457201720e+01
22 18 -4.6516853427282e-01
24 18  3.4109338290024e+00
31 18 -8.7403263666667e-03
32 18  8.2030507555661e-05
33 18 -5.8275378195556e-03
34 18  8.7403263666669e-03
35 18  8.2010956888975e-05
36 18 -5.8275435066669e-03
98 18  2.3074656803818e-01
100 18 -2.4635468144544e+00
109 18  4.7591144354910e+00
111 18 -4.2315275092680e+00
120 18  6.7254373294241e-01
16 19 -7.8549228278308e+00
17 19 -2.7044478746185e-01
18 19  3.5603460071735e+00
19 19  1.7201484060051e+01
20 19  4.9334423314859e-01
21 19 -6.4947680712851e+00
22 19 -7.7505200232710e+00
23 19 -3.5822694804126e-01
24 19  4.7159787995566e+00
34 19  8.6736173798840e-19
35 19 -8.8296817774003e-13
36 19 -2.8695289951699e-03
108 19  1.2696605485942e-01
109 19 -1.6714801224597e+00
110 19 -2.5979959202893e-01
111 19  3.4202043560408e+00
119 19  1.4812334704600e-01
120 19 -1.9500112099547e+00
16 20 -5.7785796896063e-01
17 20 -2.8753457201720e+01
19 20  4.9334423314859e-01
20 20  6.1581054706142e+01
22 20 -1.4478203830189e-01
23 20 -2.8372917552062e+01
34 20  3.4694469519536e-18
35 20  2.8808088923556e-03
36 20  6.9697630142223e-04
108 20 -2.7098401104047e+00
110 20  4.5344876885521e+00
119 20 -3.8802332558804e+00
16 21  5.0593971271962e+00
18 21 -2.8753457201720e+01
19 21 -6.4947680712851e+00
21 21  6.1581054706142e+01
22 21  3.8175380280148e+00
24 21 -2.8372917552062e+01
34 21  2.0816681711722e-17
35 21  2.1882698488898e-04
36 21  1.1622076408889e-02
109 21 -2.7098401104047e+00
111 21  4.5344876885521e+00
120 21 -3.8802332558804e+00
16 22  9.1603689341028e-01
17 22  1.7641749224681e-02
18 22 -4.6516853427282e-01
19 22 -7.7505200232710e+00
20 22 -1.4478203830189e-01
21 22  3.8175380280148e+00
22 22  1.4424774674356e+01
23 22  2.3698446550033e-01
24 22 -6.2486840198359e+00
34 22  2.1711272552783e-03
35 22 -2.1711294183793e-03
36 22  1.4403632498374e-03
37 22 -7.6978537579388e+00
38 22 -1.6671531678981e-01
39 22  4.3958633899776e+00
40 22 -2.1711272552783e-03
41 22  2.1711294186017e-03
42 22  1.4403632489560e-03
43 22  9.0313337121767e-01
44 22  2.3124648909692e-02
45 22 -6.0973880208240e-01
108 22 -7.7580356580184e-03
109 22  2.0455987838371e-01
110 22  6.5499867780227e-02
111 22 -1.7270666928972e+00
119 22 -1.1562519548619e-01
120 22  3.0487454517306e+00
121 22  7.0781873039582e-02
122 22 -1.8663398802225e+00
130 22 -9.0804909523255e-03
131 22  2.3942969673673e-01
16 23  8.7328240737226e-02
17 23  3.4109338290024e+00
19 23 -3.5822694804126e-01
20 23 -2.8372917552062e+01
22 23  2.3698446550033e-01
23 23  5.1996828784537e+01
34 23 -2.6159159800000e-04
35 23  7.2227625833333e-04
36 23 -1.7434432093333e-04
37 23  1.4920077149678e-14
38 23 -2.8181008312514e+01
40 23  2.6159159800000e-04
41 23  7.2227700386647e-04
42 23 -1.7439439866665e-04
43 23 -2.3124648909661e-02
44 23  3.3637825756836e+00
108 23  3.6847913174681e-01
110 23 -2.9709510119388e+00
119 23  4.6191351469884e+00
121 23 -3.5555268662308e+00
130 23  5.1455234039245e-01
16 24 -7.6459662069509e-01
18 24  3.4109338290024e+00
19 24  4.7159787995566e+00
21 24 -2.8372917552062e+01
22 24 -6.2486840198359e+00
24 24  5.1996828784537e+01
34 24 -8.7006993933335e-03
35 24  2.7402530222206e-05
36 24 -5.8011255244446e-03
37 24  4.0966643141113e+00
39 24 -2.8181008312514e+01
40 24  8.7006993933335e-03
41 24  2.7382874666459e-05
42 24 -5.8011274240001e-03
43 24 -6.0973880208243e-01
45 24  3.3637825756836e+00
109 24  3.6847913174681e-01
111 24 -2.9709510119388e+00
120 24  4.6191351469884e+00
122 24 -3.5555268662308e+00
131 24  5.1455234039245e-01
1 25  3.4694469519536e-18
2 25  3.4694469519536e-18
4 25  2.0374459968961e-03
5 25 -1.8101613560000e-03
6 25 -8.9373242266668e-03
25 25  0.0000000000000e+00
79 25 -2.3176098466667e-03
80 25 -7.2520407999989e-04
86 25 -1.0388162660000e-03
87 25 -2.3936658433333e-03
1 26  2.1237872571689e-13
2 26  2.7572734563555e-03
3 26  8.6277936888899e-04
4 26 -2.0374481591601e-03
5 26  6.9749575822225e-04
6 26  1.8956149466691e-04
26 26  0.0000000000000e+00
79 26 -1.5450732304000e-03
80 26 -4.8346938666660e-04
86 26 -8.4339095677776e-04
87 26 -2.3405542473334e-03
1 27 -2.6472075564006e-03
2 27  2.7480010403555e-03
3 27  1.2015543770666e-02
4 27  1.3512424099360e-03
5 27 -1.2065767930666e-03
6 27 -5.9588471431112e-03
27 27  0.0000000000000e+00
79 27  6.8150148924444e-04
80 27  3.0214589257777e-03
86 27 -8.8517073917778e-04
87 27 -1.6578330662222e-03
4 28 -2.0374459968961e-03
5 28  1.8101613560000e-03
6 28  8.9373242266668e-03
8 28 -3.4694469519536e-18
10 28  2.1040940664068e-03
11 28 -1.3004522606666e-03
12 28 -8.8193526466669e-03
28 28  0.0000000000000e+00
86 28 -1.3373991766662e-04
87 28  2.0750122200000e-03
88 28 -2.3658808320000e-03
89 28 -5.4758036000009e-04
97 28 -9.2177322216669e-04
98 28 -2.3193095083332e-03
4 29  2.0374481588007e-03
5 29  6.9750091606664e-04
6 29  1.8954251133327e-04
7 29 -5.0318429978269e-13
8 29  2.8147017099555e-03
9 29  6.5145943022221e-04
10 29 -2.1040962295544e-03
11 29  7.0984994077780e-04
12 29  1.3618720111123e-04
29 29  0.0000000000000e+00
86 29  6.1686834188921e-05
87 29  2.1281184987778e-03
88 29 -1.5772538883111e-03
89 29 -3.6505357288895e-04
97 29 -7.2288650311112e-04
98 29 -2.2811523922222e-03
4 30  1.3512424104973e-03
5 30 -1.2066251532000e-03
6 30 -5.9588602857779e-03
7 30 -2.7505587384007e-03
8 30  2.0749350841778e-03
9 30  1.1832631504889e-02
10 30  1.3956744573905e-03
11 30 -8.6681908964442e-04
12 30 -5.8802125657779e-03
30 30  0.0000000000000e+00
86 30  2.8669994861109e-04
87 30 -1.3393657336666e-03
88 30  5.1458181144441e-04
89 30  2.9760968740000e-03
97 30 -8.1128894994445e-04
98 30 -1.5934939858888e-03
10 31 -2.1040940664068e-03
11 31  1.3004522606666e-03
12 31  8.8193526466666e-03
13 31  1.7347234759768e-18
14 31 -1.9081958235745e-17
15 31 -1.0408340855861e-16
16 31  2.1487399934145e-03
17 31 -7.8327192133332e-04
18 31 -8.7403263666667e-03
31 31  0.0000000000000e+00
97 31 -2.7155020800000e-04
98 31  2.0903830600002e-03
99 31 -2.4005595726666e-03
100 31 -3.6681072666658e-04
108 31 -7.9943449383334e-04
109 31 -2.2540318466669e-03
10 32  2.1040962294578e-03
11 32  7.0985364575552e-04
12 32  1.3616788533311e-04
13 32  8.8539765796813e-13
14 32  2.8559592043556e-03
15 32  4.3639677511108e-04
16 32 -2.1487421538760e-03
17 32  7.1812595615556e-04
18 32  8.2030507555661e-05
32 32  0.0000000000000e+00
97 32 -7.2662450266661e-05
98 32  2.1285347601113e-03
99 32 -1.6003730484000e-03
100 32 -2.4454048533326e-04
108 32 -5.9822898930001e-04
109 32 -2.2310484287779e-03
10 33  1.3956744566663e-03
11 33 -8.6686830599997e-04
12 33 -5.8802220062222e-03
13 33 -2.8248080733304e-03
14 33  1.3899483968889e-03
15 33  1.1701224074667e-02
16 33  1.4254384074901e-03
17 33 -5.2208141311110e-04
18 33 -5.8275378195556e-03
33 33  0.0000000000000e+00
97 33  3.8133684466667e-04
98 33 -1.3647013681113e-03
99 33  3.4470580255552e-04
100 33  2.9435079573333e-03
108 33 -7.3274621866666e-04
109 33 -1.5349356803334e-03
16 34 -2.1487399934145e-03
17 34  7.8327192133333e-04
18 34  8.7403263666669e-03
19 34  8.6736173798840e-19
20 34  3.4694469519536e-18
21 34  2.0816681711722e-17
22 34  2.1711272552783e-03
23 34 -2.6159159800000e-04
24 34 -8.7006993933335e-03
34 34  0.0000000000000e+00
108 34 -4.0780040933332e-04
109 34  2.1161477649999e-03
110 34 -2.4214468306667e-03
111 34 -1.8393372000006e-04
119 34 -6.7250292549999e-04
120 34 -2.1982078883333e-03
16 35  2.1487421538785e-03
17 35  7.1812818757778e-04
18 35  8.2010956888975e-05
19 35 -8.8296817774003e-13
20 35  2.8808088923556e-03
21 35  2.1882698488898e-04
22 35 -2.1711294183793e-03
23 35  7.2227625833333e-04
24 35  2.7402530222206e-05
35 35  0.0000000000000e+00
108 35 -2.0659427945555e-04
109 35  2.1391257076666e-03
110 35 -1.6142978870667e-03
111 35 -1.2262247911117e-04
119 35 -4.7013458344444e-04
120 35 -2.1905302078889e-03
16 36  1.4254384081324e-03
17 36 -5.2213120315555e-04
18 36 -5.8275435066669e-03
19 36 -2.8695289951699e-03
20 36  6.9697630142223e-04
21 36  1.1622076408889e-02
22 36  1.4403632498374e-03
23 36 -1.7434432093333e-04
24 36 -5.8011255244446e-03
36 36  0.0000000000000e+00
108 36  4.7378291605555e-04
109 36 -1.3971322084444e-03
110 36  1.7284942100000e-04
111 36  2.9238794168890e-03
119 36 -6.4999377894444e-04
120 36 -1.4824945773333e-03
22 37 -7.6978537579388e+00
23 37  1.4920077149678e-14
24 37  4.0966643141113e+00
37 37  1.6985120153728e+01
38 37 -2.3358345107988e-14
39 37 -6.4135927636710e+00
41 37  2.8912057965323e-19
42 37 -2.8844645666670e-03
43 37 -7.6978537579376e+00
44 37  1.4920077149676e-14
45 37  4.0966643141107e+00
119 37 -6.5268095327642e-15
120 37 -1.7920917854271e+00
121 37  1.2320150298978e-14
122 37  3.3827921644091e+00
130 37 -6.5268095327627e-15
131 37 -1.7920917854266e+00
22 38 -1.6671531678981e-01
23 38 -2.8181008312514e+01
37 38 -2.3358345107988e-14
38 38  6.0793716431446e+01
40 38  1.2143064331838e-17
41 38  2.8891080144000e-03
42 38  1.4311468676809e-16
43 38  1.6671531678955e-01
44 38 -2.8181008312506e+01
119 38 -3.2531675463182e+00
121 38  4.4590897922911e+00
130 38 -3.2531675463173e+00
22 39  4.3958633899776e+00
24 39 -2.8181008312514e+01
37 39 -6.4135927636710e+00
39 39  6.0793716431446e+01
40 39  6.9388939039072e-18
41 39 -4.1633363423443e-17
42 39  1.1595643230222e-02
43 39  4.3958633899771e+00
45 39 -2.8181008312506e+01
120 39 -3.2531675463182e+00
122 39  4.4590897922911e+00
131 39 -3.2531675463173e+00
22 40 -2.1711272552783e-03
23 40  2.6159159800000e-04
24 40  8.7006993933335e-03
38 40  1.2143064331838e-17
39 40  6.9388939039072e-18
40 40  0.0000000000000e+00
43 40  2.1711272552784e-03
44 40  2.6159159800001e-04
45 40 -8.7006993933335e-03
119 40 -5.4170775249980e-04
120 40  2.1521583383334e-03
121 40 -2.4284226093333e-03
122 40 -4.1633363423443e-17
130 40 -5.4170775250021e-04
131 40 -2.1521583383333e-03
22 41  2.1711294186017e-03
23 41  7.2227700386647e-04
24 41  2.7382874666459e-05
37 41  2.8912057965323e-19
38 41  2.8891080144000e-03
39 41 -4.1633363423443e-17
41 41  0.0000000000000e+00
43 41 -2.1711294186018e-03
44 41  7.2227700386685e-04
45 41 -2.7382874666464e-05
119 41 -3.3933920187764e-04
120 41  2.1598305076668e-03
121 41 -1.6189484063111e-03
122 41 -2.0816681711722e-17
130 41 -3.3933920187792e-04
131 41 -2.1598305076667e-03
22 42  1.4403632489560e-03
23 42 -1.7439439866665e-04
24 42 -5.8011274240001e-03
37 42 -2.8844645666670e-03
38 42  1.4311468676809e-16
39 42  1.1595643230222e-02
42 42  0.0000000000000e+00
43 42  1.4403632489560e-03
44 42  1.7439439866669e-04
45 42 -5.8011274240001e-03
119 42  5.6350705244433e-04
120 42 -1.4364719506666e-03
121 42 -1.3183898417424e-16
122 42  2.9173240191110e-03
130 42 -5.6350705244457e-04
131 42 -1.4364719506666e-03
22 43  9.0313337121767e-01
23 43 -2.3124648909661e-02
24 43 -6.0973880208243e-01
37 43 -7.6978537579376e+00
38 43  1.6671531678955e-01
39 43  4.3958633899771e+00
40 43  2.1711272552784e-03
41 43 -2.1711294186018e-03
42 43  1.4403632489560e-03
43 43  1.4424774674355e+01
44 43 -2.3698446549997e-01
45 43 -6.2486840198351e+00
46 43 -7.7505200232710e+00
47 43  1.4478203830169e-01
48 43  3.8175380280149e+00
49 43 -2.1711272552783e-03
50 43  2.1711294183793e-03
51 43  1.4403632498374e-03
52 43  9.1603689341028e-01
53 43 -1.7641749224656e-02
54 43 -4.6516853427282e-01
119 43  9.0804909523128e-03
120 43  2.3942969673673e-01
121 43 -7.0781873039466e-02
122 43 -1.8663398802221e+00
130 43  1.1562519548601e-01
131 43  3.0487454517302e+00
132 43 -6.5499867780136e-02
133 43 -1.7270666928972e+00
141 43  7.7580356580078e-03
142 43  2.0455987838372e-01
22 44  2.3124648909692e-02
23 44  3.3637825756836e+00
37 44  1.4920077149676e-14
38 44 -2.8181008312506e+01
40 44  2.6159159800001e-04
41 44  7.2227700386685e-04
42 44  1.7439439866669e-04
43 44 -2.3698446549997e-01
44 44  5.1996828784530e+01
46 44  3.5822694804143e-01
47 44 -2.8372917552062e+01
49 44 -2.6159159800001e-04
50 44  7.2227625833333e-04
51 44  1.7434432093333e-04
52 44 -8.7328240737182e-02
53 44  3.4109338290024e+00
119 44  5.1455234039241e-01
121 44 -3.5555268662297e+00
130 44  4.6191351469870e+00
132 44 -2.9709510119389e+00
141 44  3.6847913174684e-01
22 45 -6.0973880208240e-01
24 45  3.3637825756836e+00
37 45  4.0966643141107e+00
39 45 -2.8181008312506e+01
40 45 -8.7006993933335e-03
41 45 -2.7382874666464e-05
42 45 -5.8011274240001e-03
43 45 -6.2486840198351e+00
45 45  5.1996828784530e+01
46 45  4.7159787995567e+00
48 45 -2.8372917552062e+01
49 45  8.7006993933336e-03
50 45 -2.7402530222213e-05
51 45 -5.8011255244446e-03
52 45 -7.6459662069512e-01
54 45  3.4109338290024e+00
120 45  5.1455234039241e-01
122 45 -3.5555268662297e+00
131 45  4.6191351469870e+00
133 45 -2.9709510119389e+00
142 45  3.6847913174684e-01
43 46 -7.7505200232710e+00
44 46  3.5822694804143e-01
45 46  4.7159787995567e+00
46 46  1.7201484060051e+01
47 46 -4.9334423314882e-01
48 46 -6.4947680712851e+00
50 46  8.8296470829308e-13
51 46 -2.8695289951699e-03
52 46 -7.8549228278308e+00
53 46  2.7044478746196e-01
54 46  3.5603460071735e+00
130 46 -1.4812334704607e-01
131 46 -1.9500112099547e+00
132 46  2.5979959202905e-01
133 46  3.4202043560408e+00
141 46 -1.2696605485948e-01
142 46 -1.6714801224597e+00
43 47  1.4478203830169e-01
44 47 -2.8372917552062e+01
46 47 -4.9334423314882e-01
47 47  6.1581054706142e+01
49 47 -8.6736173798840e-18
50 47  2.8808088923556e-03
51 47 -6.9697630142222e-04
52 47  5.7785796896032e-01
53 47 -2.8753457201721e+01
130 47 -3.8802332558802e+00
132 47  4.5344876885520e+00
141 47 -2.7098401104048e+00
43 48  3.8175380280149e+00
45 48 -2.8372917552062e+01
46 48 -6.4947680712851e+00
48 48  6.1581054706142e+01
49 48 -2.7755575615629e-17
50 48 -2.1882698488891e-04
51 48  1.1622076408889e-02
52 48  5.0593971271963e+00
54 48 -2.8753457201721e+01
131 48 -3.8802332558802e+00
133 48  4.5344876885520e+00
142 48 -2.7098401104048e+00
43 49 -2.1711272552783e-03
44 49 -2.6159159800001e-04
45 49  8.7006993933336e-03
47 49 -8.6736173798840e-18
48 49 -2.7755575615629e-17
49 49  0.0000000000000e+00
52 49  2.1487399934145e-03
53 49  7.8327192133333e-04
54 49 -8.7403263666668e-03
130 49 -6.7250292549999e-04
131 49  2.1982078883333e-03
132 49 -2.4214468306667e-03
133 49  1.8393372000004e-04
141 49 -4.0780040933332e-04
142 49 -2.1161477649999e-03
43 50  2.1711294183793e-03
44 50  7.2227625833333e-04
45 50 -2.7402530222213e-05
46 50  8.8296470829308e-13
47 50  2.8808088923556e-03
48 50 -2.1882698488891e-04
50 50  0.0000000000000e+00
52 50 -2.1487421538785e-03
53 50  7.1812818757778e-04
54 50 -8.2010956888975e-05
130 50 -4.7013458344445e-04
131 50  2.1905302078888e-03
132 50 -1.6142978870667e-03
133 50  1.2262247911115e-04
141 50 -2.0659427945555e-04
142 50 -2.1391257076666e-03
43 51  1.4403632498374e-03
44 51  1.7434432093333e-04
45 51 -5.8011255244446e-03
46 51 -2.8695289951699e-03
47 51 -6.9697630142222e-04
48 51  1.1622076408889e-02
51 51  0.0000000000000e+00
52 51  1.4254384081324e-03
53 51  5.2213120315555e-04
54 51 -5.8275435066668e-03
130 51  6.4999377894444e-04
131 51 -1.4824945773333e-03
132 51 -1.7284942100000e-04
133 51  2.9238794168890e-03
141 51 -4.7378291605555e-04
142 51 -1.3971322084444e-03
43 52  9.1603689341028e-01
44 52 -8.7328240737182e-02
45 52 -7.6459662069512e-01
46 52 -7.8549228278308e+00
47 52  5.7785796896032e-01
48 52  5.0593971271963e+00
49 52  2.1487399934145e-03
50 52 -2.1487421538785e-03
51 52  1.4254384081324e-03
52 52  1.4801543679348e+01
53 52 -7.3027073883231e-01
54 52 -6.3938370267200e+00
55 52 -8.0159436049416e+00
56 52  3.7925708430697e-01
57 52  3.3205602516200e+00
58 52 -2.1487399934145e-03
59 52  2.1487421538760e-03
60 52  1.4254384074901e-03
61 52  9.5550181174888e-01
62 52 -3.7679890980240e-02
63 52 -3.2990378677565e-01
130 52  3.1855622675076e-02
131 52  2.7890979185994e-01
132 52 -2.3339016403223e-01
133 52 -2.0434321041640e+00
141 52  3.5574589018604e-01
142 52  3.1147095506140e+00
143 52 -1.8558289427132e-01
144 52 -1.6248587240606e+00
152 52  1.9885520529485e-02
153 52  1.7410635630879e-01
43 53 -1.7641749224656e-02
44 53  3.4109338290024e+00
46 53  2.7044478746196e-01
47 53 -2.8753457201721e+01
49 53  7.8327192133333e-04
50 53  7.1812818757778e-04
51 53  5.2213120315555e-04
52 53 -7.3027073883231e-01
53 53  5.3368266054844e+01
55 53  8.2870444798917e-01
56 53 -2.9340197480038e+01
58 53 -7.8327192133331e-04
59 53  7.1812595615556e-04
60 53  5.2208141311110e-04
61 53 -1.7861137846416e-01
62 53  3.5551242945726e+00
130 53  6.7254373294237e-01
132 53 -4.2315275092678e+00
141 53  4.7591144354910e+00
143 53 -2.4635468144544e+00
152 53  2.3074656803818e-01
43 54 -4.6516853427282e-01
45 54  3.4109338290024e+00
46 54  3.5603460071735e+00
48 54 -2.8753457201721e+01
49 54 -8.7403263666668e-03
50 54 -8.2010956888975e-05
51 54 -5.8275435066668e-03
52 54 -6.3938370267200e+00
54 54  5.3368266054844e+01
55 54  5.4233811659794e+00
57 54 -2.9340197480038e+01
58 54  8.7403263666666e-03
59 54 -8.2030507555612e-05
60 54 -5.8275378195556e-03
61 54 -9.3104635343534e-01
63 54  3.5551242945726e+00
131 54  6.7254373294237e-01
133 54 -4.2315275092678e+00
142 54  4.7591144354910e+00
144 54 -2.4635468144544e+00
153 54  2.3074656803818e-01
52 55 -8.0159436049416e+00
53 55  8.2870444798917e-01
54 55  5.4233811659794e+00
55 55  1.7862936748706e+01
56 55 -1.0299856399637e+00
57 55 -6.7406476875594e+00
59 55 -8.8541327047942e-13
60 55 -2.8248080733303e-03
61 55 -8.2307957712619e+00
62 55  4.7434771579754e-01
63 55  3.1043256425424e+00
141 55 -3.2799798032074e-01
142 55 -2.1465530603427e+00
143 55  5.3993558956949e-01
144 55  3.5335595391319e+00
152 55 -2.4264344014062e-01
153 55 -1.5879580066213e+00
52 56  3.7925708430697e-01
53 56 -2.9340197480038e+01
55 56 -1.0299856399637e+00
56 56  6.3988369812950e+01
58 56 -4.3368086899420e-18
59 56  2.8559592043556e-03
60 56 -1.3899483968889e-03
61 56  1.1154895073148e+00
62 56 -3.0123235224515e+01
141 56 -4.6077281451626e+00
143 56  4.7650229931355e+00
152 56 -2.2382336772431e+00
52 57  3.3205602516200e+00
54 57 -2.9340197480038e+01
55 57 -6.7406476875594e+00
57 57  6.3988369812950e+01
58 57  7.6327832942979e-17
59 57 -4.3639677511108e-04
60 57  1.1701224074667e-02
61 57  5.8147047909896e+00
63 57 -3.0123235224515e+01
142 57 -4.6077281451626e+00
144 57  4.7650229931355e+00
153 57 -2.2382336772431e+00
52 58 -2.1487399934145e-03
53 58 -7.8327192133331e-04
54 58  8.7403263666666e-03
56 58 -4.3368086899420e-18
57 58  7.6327832942979e-17
58 58  0.0000000000000e+00
61 58  2.1040940664068e-03
62 58  1.3004522606666e-03
63 58 -8.8193526466666e-03
141 58 -7.9943449383335e-04
142 58  2.2540318466668e-03
143 58 -2.4005595726666e-03
144 58  3.6681072666650e-04
152 58 -2.7155020800001e-04
153 58 -2.0903830600002e-03
52 59  2.1487421538760e-03
53 59  7.1812595615556e-04
54 59 -8.2030507555612e-05
55 59 -8.8541327047942e-13
56 59  2.8559592043556e-03
57 59 -4.3639677511108e-04
59 59  0.0000000000000e+00
61 59 -2.1040962294578e-03
62 59  7.0985364575551e-04
63 59 -1.3616788533313e-04
141 59 -5.9822898930002e-04
142 59  2.2310484287779e-03
143 59 -1.6003730484000e-03
144 59  2.4454048533321e-04
152 59 -7.2662450266664e-05
153 59 -2.1285347601112e-03
52 60  1.4254384074901e-03
53 60  5.2208141311110e-04
54 60 -5.8275378195556e-03
55 60 -2.8248080733303e-03
56 60 -1.3899483968889e-03
57 60  1.1701224074667e-02
60 60  0.0000000000000e+00
61 60  1.3956744566663e-03
62 60  8.6686830599997e-04
63 60 -5.8802220062221e-03
141 60  7.3274621866666e-04
142 60 -1.5349356803334e-03
143 60 -3.4470580255552e-04
144 60  2.9435079573332e-03
152 60 -3.8133684466668e-04
153 60 -1.3647013681113e-03
52 61  9.5550181174888e-01
53 61 -1.7861137846416e-01
54 61 -9.3104635343534e-01
55 61 -8.2307957712619e+00
56 61  1.1154895073148e+00
57 61  5.8147047909896e+00
58 61  2.1040940664068e-03
59 61 -2.1040962294578e-03
60 61  1.3956744566663e-03
61 61  1.5576845823617e+01
62 61 -1.2831126437021e+00
63 61 -6.6884728074887e+00
64 61 -8.5096790060322e+00
65 61  5.5695597613754e-01
66 61  2.9032407401241e+00
67 61 -2.1040940664068e-03
68 61  2.1040962295544e-03
69 61  1.3956744573905e-03
70 61  1.0239042124156e+00
71 61 -3.8971755751081e-02
72 61 -2.0314781393559e-01
141 61  6.2028605539989e-02
142 61  3.2333610262279e-01
143 61 -4.3360847151987e-01
144 61 -2.2602680170695e+00
152 61  6.2321701896119e-01
153 61  3.2486392406354e+00
154 61 -2.9927462875166e-01
155 61 -1.5600268816629e+00
163 61  2.8390241991277e-02
164 61  1.4798962701264e-01
52 62 -3.7679890980240e-02
53 62  3.5551242945726e+00
55 62  4.7434771579754e-01
56 62 -3.0123235224515e+01
58 62  1.3004522606666e-03
59 62  7.0985364575551e-04
60 62  8.6686830599997e-04
61 62 -1.2831126437021e+00
62 62  5.6190690814428e+01
64 62  1.4412520913998e+00
65 62 -3.1139455173829e+01
67 62 -1.3004522606666e-03
68 62  7.0984994077779e-04
69 62  8.6681908964441e-04
70 62 -3.0189902579421e-01
71 62  3.8049711885673e+00
141 62  8.4672186354342e-01
143 62 -5.0186119141230e+00
152 62  5.0471943796780e+00
154 62 -2.0231608374649e+00
163 62  9.8136962128798e-02
52 63 -3.2990378677565e-01
54 63  3.5551242945726e+00
55 63  3.1043256425424e+00
57 63 -3.0123235224515e+01
58 63 -8.8193526466666e-03
59 63 -1.3616788533313e-04
60 63 -5.8802220062221e-03
61 63 -6.6884728074887e+00
63 63  5.6190690814428e+01
64 63  6.2270873455307e+00
66 63 -3.1139455173829e+01
67 63  8.8193526466669e-03
68 63 -1.3618720111124e-04
69 63 -5.8802125657779e-03
70 63 -1.1109039624535e+00
72 63  3.8049711885673e+00
142 63  8.4672186354342e-01
144 63 -5.0186119141230e+00
153 63  5.0471943796780e+00
155 63 -2.0231608374649e+00
164 63  9.8136962128798e-02
61 64 -8.5096790060322e+00
62 64  1.4412520913998e+00
63 64  6.2270873455307e+00
64 64  1.9008363371954e+01
65 64 -1.6568663310238e+00
66 64 -7.1586722577685e+00
67 64 -1.7347234759768e-18
68 64  5.0318429978269e-13
69 64 -2.7505587384007e-03
70 64 -8.8479689331146e+00
71 64  6.3137930007412e-01
72 64  2.7279433439733e+00
152 64 -5.5184904169699e-01
153 64 -2.3843241614013e+00
154 64  8.6246927587483e-01
155 64  3.7263928675330e+00
163 64 -3.5698242403116e-01
164 64 -1.5423816197917e+00
61 65  5.5695597613754e-01
62 65 -3.1139455173829e+01
64 65 -1.6568663310238e+00
65 65  6.8158215451651e+01
67 65  1.0842021724855e-17
68 65  2.8147017099555e-03
69 65 -2.0749350841778e-03
70 65  1.8131890832276e+00
71 65 -3.2372146694087e+01
152 65 -5.4586793688104e+00
154 65  5.1643589231943e+00
163 65 -1.8300066950064e+00
61 66  2.9032407401241e+00
63 66 -3.1139455173829e+01
64 66 -7.1586722577685e+00
66 66  6.8158215451651e+01
67 66  6.9388939039072e-18
68 66 -6.5145943022219e-04
69 66  1.1832631504889e-02
70 66  6.6720286093535e+00
72 66 -3.2372146694087e+01
153 66 -5.4586793688104e+00
155 66  5.1643589231943e+00
164 66 -1.8300066950064e+00
61 67 -2.1040940664068e-03
62 67 -1.3004522606666e-03
63 67  8.8193526466669e-03
64 67 -1.7347234759768e-18
65 67  1.0842021724855e-17
66 67  6.9388939039072e-18
67 67  0.0000000000000e+00
70 67  2.0374459968961e-03
71 67  1.8101613560000e-03
72 67 -8.9373242266669e-03
152 67 -9.2177322216668e-04
153 67  2.3193095083332e-03
154 67 -2.3658808320000e-03
155 67  5.4758036000011e-04
163 67 -1.3373991766663e-04
164 67 -2.0750122199999e-03
61 68  2.1040962295544e-03
62 68  7.0984994077779e-04
63 68 -1.3618720111124e-04
64 68  5.0318429978269e-13
65 68  2.8147017099555e-03
66 68 -6.5145943022219e-04
68 68  0.0000000000000e+00
70 68 -2.0374481588006e-03
71 68  6.9750091606664e-04
72 68 -1.8954251133325e-04
152 68 -7.2288650311112e-04
153 68  2.2811523922221e-03
154 68 -1.5772538883111e-03
155 68  3.6505357288896e-04
163 68  6.1686834188916e-05
164 68 -2.1281184987778e-03
61 69  1.3956744573905e-03
62 69  8.6681908964441e-04
63 69 -5.8802125657779e-03
64 69 -2.7505587384007e-03
65 69 -2.0749350841778e-03
66 69  1.1832631504889e-02
69 69  0.0000000000000e+00
70 69  1.3512424104972e-03
71 69  1.2066251532000e-03
72 69 -5.9588602857779e-03
152 69  8.1128894994445e-04
153 69 -1.5934939858888e-03
154 69 -5.1458181144441e-04
155 69  2.9760968739999e-03
163 69 -2.8669994861110e-04
164 69 -1.3393657336666e-03
61 70  1.0239042124156e+00
62 70 -3.0189902579421e-01
63 70 -1.1109039624535e+00
64 70 -8.8479689331146e+00
65 70  1.8131890832276e+00
66 70  6.6720286093535e+00
67 70  2.0374459968961e-03
68 70 -2.0374481588006e-03
69 70  1.3512424104972e-03
70 70  1.6797430878465e+01
71 70 -1.9408957386069e+00
72 70 -7.1419533768131e+00
73 70 -9.2621595485500e+00
74 70  6.9729911499039e-01
75 70  2.5658656824755e+00
76 70 -2.0374459968961e-03
77 70  2.0374481591601e-03
78 70  1.3512424099360e-03
152 70  1.0143082424312e-01
153 70  3.7323705921270e-01
154 70 -6.8489930929887e-01
155 70 -2.5202378662209e+00
163 70  9.3889233968556e-01
164 70  3.4548611666766e+00
165 70 -4.1688256291778e-01
166 70 -1.5340112138646e+00
61 71 -3.8971755751081e-02
62 71  3.8049711885673e+00
64 71  6.3137930007412e-01
65 71 -3.2372146694087e+01
67 71  1.8101613560000e-03
68 71  6.9750091606664e-04
69 71  1.2066251532000e-03
70 71 -1.9408957386069e+00
71 71  6.0635028973425e+01
73 71  2.2340862753891e+00
74 71 -3.3881419448602e+01
76 71 -1.8101613560000e-03
77 71  6.9749575822228e-04
78 71  1.2065767930666e-03
152 71  1.0424800739484e+00
154 71 -5.9439667564602e+00
163 71  5.5008252023154e+00
165 71 -1.6429900864604e+00
61 72 -2.0314781393559e-01
63 72  3.8049711885673e+00
64 72  2.7279433439733e+00
66 72 -3.2372146694087e+01
67 72 -8.9373242266669e-03
68 72 -1.8954251133325e-04
69 72 -5.9588602857779e-03
70 72 -7.1419533768131e+00
72 72  6.0635028973425e+01
73 72  7.1397010373102e+00
75 72 -3.3881419448602e+01
76 72  8.9373242266667e-03
77 72 -1.8956149466689e-04
78 72 -5.9588471431112e-03
153 72  1.0424800739484e+00
155 72 -5.9439667564602e+00
164 72  5.5008252023154e+00
166 72 -1.6429900864604e+00
70 73 -9.2621595485500e+00
71 73  2.2340862753891e+00
72 73  7.1397010373102e+00
73 73  2.0709088396634e+01
74 73 -2.4290027994592e+00
75 73 -7.7626159732382e+00
76 73  3.4694469519536e-18
77 73 -2.1236658265256e-13
78 73 -2.6472075564005e-03
163 73 -8.3473099032261e-01
164 73 -2.6676363321928e+00
165 73  1.2532825612662e+00
166 73  4.0052449635842e+00
70 74  6.9729911499039e-01
71 74 -3.3881419448602e+01
73 74 -2.4290027994592e+00
74 74  7.4352249356366e+01
76 74 -1.0096632731271e-18
77 74  2.7572734563555e-03
78 74 -2.7480010403555e-03
163 74 -6.4651373665859e+00
165 74  5.7575772879614e+00
70 75  2.5658656824755e+00
72 75 -3.3881419448602e+01
73 75 -7.7626159732382e+00
75 75  7.4352249356366e+01
76 75  1.3877787807814e-17
77 75 -8.6277936888896e-04
78 75  1.2015543770666e-02
164 75 -6.4651373665859e+00
166 75  5.7575772879614e+00
70 76 -2.0374459968961e-03
71 76 -1.8101613560000e-03
72 76  8.9373242266667e-03
73 76  3.4694469519536e-18
74 76 -1.0096632731271e-18
75 76  1.3877787807814e-17
76 76  0.0000000000000e+00
163 76 -1.0388162660000e-03
164 76  2.3936658433333e-03
165 76 -2.3176098466667e-03
166 76  7.2520407999992e-04
70 77  2.0374481591601e-03
71 77  6.9749575822228e-04
72 77 -1.8956149466689e-04
73 77 -2.1236658265256e-13
74 77  2.7572734563555e-03
75 77 -8.6277936888896e-04
77 77  0.0000000000000e+00
163 77 -8.4339095677776e-04
164 77  2.3405542473334e-03
165 77 -1.5450732304000e-03
166 77  4.8346938666663e-04
70 78  1.3512424099360e-03
71 78  1.2065767930666e-03
72 78 -5.9588471431112e-03
73 78 -2.6472075564005e-03
74 78 -2.7480010403555e-03
75 78  1.2015543770666e-02
78 78  0.0000000000000e+00
163 78  8.8517073917778e-04
164 78 -1.6578330662222e-03
165 78 -6.8150148924443e-04
166 78  3.0214589257777e-03
1 79 -1.2532825612662e+00
2 79  5.7575772879612e+00
4 79  4.1688256291778e-01
5 79 -1.6429900864603e+00
25 79 -2.3176098466667e-03
26 79 -1.5450732304000e-03
27 79  6.8150148924444e-04
79 79  3.7045729176029e+01
81 79  6.8732738424172e+00
83 79  2.3176098466667e-03
84 79 -1.5450732315556e-03
85 79  7.8728643622232e-04
86 79 -1.5885637827272e+01
90 79 -6.9910317499599e+00
174 79 -3.7410620575600e+00
181 79  2.5886387058090e+00
1 80  4.0052449635842e+00
3 80  5.7575772879612e+00
4 80 -1.5340112138646e+00
6 80 -1.6429900864603e+00
25 80 -7.2520407999989e-04
26 80 -4.8346938666660e-04
27 80  3.0214589257777e-03
80 80  3.7045729176029e+01
82 80  6.8732738424172e+00
83 80  7.2520408000001e-04
84 80 -4.8346938622220e-04
85 80  3.4007677491110e-03
87 80 -1.5885637827272e+01
91 80 -6.9910317499599e+00
175 80 -3.7410620575600e+00
182 80  2.5886387058090e+00
79 81  6.8732738424172e+00
81 81  6.8011574631812e+01
83 81  3.1225022567583e-17
84 81  3.4689469253333e-03
85 81  3.1271506640000e-03
86 81 -2.1688844963580e+00
90 81 -3.0542771520662e+01
174 81  4.8896365782438e+00
181 81 -6.1664080010003e+00
80 82  6.8732738424172e+00
82 82  6.8011574631812e+01
83 82 -2.7755575615629e-17
84 82  1.0854693591110e-03
85 82  1.3673362955555e-02
87 82 -2.1688844963580e+00
91 82 -3.0542771520662e+01
175 82  4.8896365782438e+00
182 82 -6.1664080010003e+00
79 83  2.3176098466667e-03
80 83  7.2520408000001e-04
81 83  3.1225022567583e-17
82 83 -2.7755575615629e-17
83 83  0.0000000000000e+00
86 83  7.1297291666688e-05
87 83 -2.3832733599998e-03
90 83 -2.0599145333334e-03
91 83 -1.0170432586667e-02
174 83 -2.8858105466666e-03
175 83 -9.0299995333340e-04
181 83 -1.2449898766667e-03
182 83 -2.7410065183333e-03
79 84 -1.5450732315556e-03
80 84 -4.8346938622220e-04
81 84  3.4689469253333e-03
82 84  1.0854693591110e-03
84 84  0.0000000000000e+00
86 84  1.2412801677778e-04
87 84  2.4363849549999e-03
90 84  8.7752477977787e-04
91 84  2.3848876777777e-04
174 84 -1.9238736982222e-03
175 84 -6.0199996844448e-04
181 84 -1.0016527954445e-03
182 84 -2.6748737283333e-03
79 85  7.8728643622232e-04
80 85  3.4007677491110e-03
81 85  3.1271506640000e-03
82 85  1.3673362955555e-02
85 85  0.0000000000000e+00
86 85  2.4026362244446e-04
87 85 -1.5271303312221e-03
90 85 -1.3730516697778e-03
91 85 -6.7810064422223e-03
174 85  7.7494078111099e-04
175 85  3.4402220353335e-03
181 85 -1.0698507183334e-03
182 85 -1.9045906282222e-03
1 86  8.3473099032264e-01
2 86 -6.4651373665858e+00
4 86 -9.3889233968557e-01
5 86  5.5008252023155e+00
7 86  3.5698242403118e-01
8 86 -1.8300066950065e+00
10 86 -2.8390241991282e-02
11 86  9.8136962128830e-02
25 86 -1.0388162660000e-03
26 86 -8.4339095677776e-04
27 86 -8.8517073917778e-04
28 86 -1.3373991766662e-04
29 86  6.1686834188921e-05
30 86  2.8669994861109e-04
79 86 -1.5885637827272e+01
81 86 -2.1688844963580e+00
83 86  7.1297291666688e-05
84 86  1.2412801677778e-04
85 86  2.4026362244446e-04
86 86  2.9650523769737e+01
88 86 -1.5168593622514e+01
90 86  6.4205330646863e+00
92 86 -6.4465999832294e+00
94 86  1.1012588919999e-03
95 86 -9.0583213902219e-04
96 86 -9.3163291399996e-04
97 86  1.7039324958399e+00
101 86  1.1029454388904e+00
174 86  1.3831018889800e+00
181 86 -3.2091699048624e+00
183 86  2.4143091671751e+00
192 86 -3.6366713919172e-01
1 87 -2.6676363321928e+00
3 87 -6.4651373665858e+00
4 87  3.4548611666766e+00
6 87  5.5008252023155e+00
7 87 -1.5423816197917e+00
9 87 -1.8300066950065e+00
10 87  1.4798962701264e-01
12 87  9.8136962128830e-02
25 87 -2.3936658433333e-03
26 87 -2.3405542473334e-03
27 87 -1.6578330662222e-03
28 87  2.0750122200000e-03
29 87  2.1281184987778e-03
30 87 -1.3393657336666e-03
80 87 -1.5885637827272e+01
82 87 -2.1688844963580e+00
83 87 -2.3832733599998e-03
84 87  2.4363849549999e-03
85 87 -1.5271303312221e-03
87 87  2.9650523769737e+01
89 87 -1.5168593622514e+01
91 87  6.4205330646863e+00
93 87 -6.4465999832294e+00
94 87  2.7019269833335e-03
95 87 -2.6488207048889e-03
96 87 -1.8456046871112e-03
98 87  1.7039324958399e+00
102 87  1.1029454388904e+00
175 87  1.3831018889800e+00
182 87 -3.2091699048624e+00
184 87  2.4143091671751e+00
193 87 -3.6366713919172e-01
4 88  6.8489930929888e-01
5 88 -5.9439667564603e+00
7 88 -8.6246927587488e-01
8 88  5.1643589231945e+00
10 88  2.9927462875172e-01
11 88 -2.0231608374650e+00
28 88 -2.3658808320000e-03
29 88 -1.5772538883111e-03
30 88  5.1458181144441e-04
86 88 -1.5168593622514e+01
88 88  3.4038629709318e+01
90 88 -2.3326399344832e+00
92 88  6.1857222563807e+00
94 88  2.3658808320000e-03
95 88 -1.5772538883556e-03
