%%MatrixMarket matrix coordinate real general
2283 2283 48733
1 1  9.0031883736070e+00
2 1 -2.3695524546344e-02
3 1 -4.4621465028432e+00
4 1  2.9546509210163e-03
16 1  4.3000792493490e+00
17 1 -1.2002859823986e-02
18 1 -2.2234045026948e+00
19 1  1.4963791091266e-03
25 1 -1.4715792666671e-01
26 1  9.8308835555587e-02
27 1  3.2114279644437e-01
43 1 -2.2724535839836e+00
44 1  5.6912348103652e-03
45 1  1.1434583242308e+00
46 1 -7.1008225732642e-04
1 2  8.6613735250505e-02
2 2  9.0938161117564e+00
3 2 -1.0850499324744e-02
4 2 -4.4734824095121e+00
16 2  4.3151655011830e-02
17 2  4.3456173345180e+00
18 2 -5.4062610193476e-03
19 2 -2.2290998045667e+00
25 2 -7.8245259999848e-02
26 2  5.2264892888778e-02
27 2 -6.1072214777754e-01
43 2 -2.1886252732760e-02
44 2 -2.2947741943795e+00
45 2  2.7411077957229e-03
46 2  1.1462512780919e+00
1 3 -4.4620670269846e+00
2 3  2.9546509210163e-03
3 3  7.9150827785718e+00
4 3  2.9472025613561e-03
5 3 -4.4911182164242e+00
7 3  5.5761955744298e-01
16 3 -2.2414371923181e+00
17 3  1.4963791091266e-03
18 3  3.8398972491251e+00
19 3  1.4917978533838e-03
20 3 -2.2380533910908e+00
22 3  2.8513960764939e-01
25 3 -2.7654237499996e-01
26 3  2.6209800199998e-01
27 3 -1.9663410433329e-01
28 3  2.0296341333332e-01
29 3 -2.1293800500000e-01
30 3 -1.2305195188887e-01
43 3  1.1560933495802e+00
44 3 -7.1008225732642e-04
45 3 -2.0136087879339e+00
46 3 -7.0950578128031e-04
47 3  1.1548597930164e+00
49 3 -1.4455667189584e-01
1 4 -1.0850499324744e-02
2 4 -4.4734029336536e+00
3 4 -1.0894376992578e-02
4 4  7.9037410467728e+00
6 4 -4.4911182164242e+00
8 4  5.5761955744298e-01
16 4 -5.4062610193476e-03
17 4 -2.2471324941900e+00
18 4 -5.4289526876370e-03
19 4  3.8342001205871e+00
21 4 -2.2380533910908e+00
23 4  2.8513960764939e-01
25 4  4.4118481833334e-01
26 4 -4.4883178211112e-01
27 4  2.8759803999999e-01
28 4 -4.8030744833321e-01
29 4  4.7496714633331e-01
30 4  3.2672238177766e-01
43 4  2.7411077957229e-03
44 4  1.1588863034413e+00
45 4  2.7509479611228e-03
46 4 -2.0108127489420e+00
48 4  1.1548597930164e+00
50 4 -1.4455667189584e-01
3 5 -4.4911182164242e+00
5 5  9.1209943035847e+00
7 5 -4.5053692067691e+00
18 5 -2.2495704574645e+00
20 5  4.3559272321977e+00
22 5 -2.2488369571448e+00
28 5 -1.4715793333323e-01
29 5  9.8330235999927e-02
30 5  3.1785183044443e-01
45 5  1.1662739484561e+00
47 5 -2.3067110637780e+00
49 5  1.1584104173422e+00
4 6 -4.4911182164242e+00
6 6  9.1209943035847e+00
8 6 -4.5053692067691e+00
19 6 -2.2495704574645e+00
21 6  4.3559272321977e+00
23 6 -2.2488369571448e+00
28 6 -7.8245260000214e-02
29 6  5.2277764000166e-02
30 6 -6.1810817577756e-01
46 6  1.1662739484561e+00
48 6 -2.3067110637780e+00
50 6  1.1584104173422e+00
3 7  5.5761955744298e-01
5 7 -4.5053692067691e+00
7 7  7.9758607803371e+00
9 7 -4.5285169739312e+00
11 7  5.6245143547578e-01
18 7  2.8718099122660e-01
20 7 -2.2535961561707e+00
22 7  3.8687075298054e+00
24 7 -2.2623108101796e+00
28 7 -2.7388838166667e-01
29 7  2.6012396600002e-01
30 7 -1.9486158633330e-01
32 7  2.0030941500002e-01
33 7 -2.1095307288892e-01
34 7 -1.2127925700000e-01
35 7  2.8901444696666e-01
45 7 -1.4725073185008e-01
47 7  1.1685419934612e+00
49 7 -2.0331284750126e+00
51 7  1.1671622957866e+00
53 7 -1.4636667658915e-01
4 8  5.5761955744298e-01
6 8 -4.5053692067691e+00
8 8  7.9758607803371e+00
10 8 -4.5285169739312e+00
12 8  5.6245143547578e-01
19 8  2.8718099122660e-01
21 8 -2.2535961561707e+00
23 8  3.8687075298054e+00
28 8  4.4681853666654e-01
29 8 -4.5411921066664e-01
30 8  2.9135556399982e-01
31 8 -2.2623108101796e+00
32 8 -4.8594117333333e-01
33 8  4.8026109111112e-01
34 8  3.3047999955551e-01
36 8  2.8901444696666e-01
46 8 -1.4725073185008e-01
48 8  1.1685419934612e+00
50 8 -2.0331284750126e+00
52 8  1.1671622957866e+00
54 8 -1.4636667658915e-01
7 9 -4.5285169739312e+00
9 9  9.1968315471589e+00
11 9 -4.5447151770713e+00
22 9 -2.2601303645434e+00
24 9  4.3920418639021e+00
32 9 -1.4715793333337e-01
33 9  9.8352589777796e-02
34 9  3.1411309399996e-01
35 9 -2.2733660584999e+00
49 9  1.1759970677290e+00
51 9 -2.3306796998835e+00
53 9  1.1725377951394e+00
8 10 -4.5285169739312e+00
10 10  9.1968315471589e+00
12 10 -4.5447151770713e+00
23 10 -2.2601303645434e+00
31 10  4.3920418639021e+00
32 10 -7.8245260000155e-02
33 10  5.2291087555653e-02
34 10 -6.2571954688864e-01
36 10 -2.2733660584999e+00
50 10  1.1759970677290e+00
52 10 -2.3306796998835e+00
54 10  1.1725377951394e+00
7 11  5.6245143547578e-01
9 11 -4.5447151770713e+00
11 11  8.0432321645229e+00
13 11 -4.5667708488904e+00
15 11  5.1100274718606e-01
22 11  2.8757912410538e-01
24 11 -2.2640477972307e+00
32 11 -2.7089392333335e-01
33 11  2.5787681211113e-01
34 11 -1.9286191811111e-01
35 11  3.9003515191214e+00
37 11 -2.2874263217120e+00
39 11  1.9731495666666e-01
40 11 -2.0869461200000e-01
41 11 -1.1927952911110e-01
42 11  2.6391985133399e-01
49 11 -1.4840716842738e-01
51 11  1.1800299203617e+00
53 11 -2.0541752072404e+00
55 11  1.1796678361286e+00
57 11 -1.3348355836824e-01
8 12  5.6245143547578e-01
10 12 -4.5447151770713e+00
12 12  8.0432321645229e+00
14 12 -4.5667708488904e+00
15 12  2.4661226763108e-01
23 12  2.8757912410538e-01
31 12 -2.2640477972307e+00
32 12  4.5262350833323e-01
33 12 -4.5953776966666e-01
34 12  2.9522734622207e-01
36 12  3.9003515191214e+00
38 12 -2.2874263217120e+00
39 12 -4.9174613833333e-01
40 12  4.8568636855558e-01
41 12  3.3435180622217e-01
42 12  1.2736892906602e-01
50 12 -1.4840716842738e-01
52 12  1.1800299203617e+00
54 12 -2.0541752072404e+00
56 12  1.1796678361286e+00
57 12 -6.4419776929846e-02
11 13 -4.5667708488904e+00
13 13  9.2745212586935e+00
15 13 -4.1293177306992e+00
35 13 -2.2707874059789e+00
37 13  4.4291288726812e+00
39 13 -1.4715793333332e-01
40 13  9.8375683555551e-02
41 13  3.0991718711102e-01
42 13 -2.0703019286192e+00
53 13  1.1858034011990e+00
55 13 -2.3550056550794e+00
57 13  1.0689670063483e+00
12 14 -4.5667708488904e+00
14 14  9.2745212586935e+00
15 14 -1.9928276607996e+00
36 14 -2.2707874059789e+00
38 14  4.4291288726812e+00
39 14 -7.8245259999911e-02
40 14  5.2304760444413e-02
41 14 -6.3356077133304e-01
42 14 -9.9913719319975e-01
54 14  1.1858034011990e+00
56 14 -2.3550056550794e+00
57 14  5.1588837558820e-01
11 15  5.1100274718606e-01
12 15  2.4661226763108e-01
13 15 -4.1293177306992e+00
14 15 -1.9928276607996e+00
15 15  4.0347861152257e+00
35 15  2.5932499506210e-01
36 15  1.2515143105953e-01
37 15 -2.0485483356844e+00
38 15 -9.8863881495156e-01
39 15 -4.1634888781381e-02
40 15  2.7827874045617e-02
41 15 -4.1634071289620e-02
42 15  1.9652569492793e+00
53 15 -1.3470579960914e-01
54 15 -6.5009636225247e-02
55 15  1.0732305134456e+00
56 15  5.1794596422261e-01
57 15 -1.0378133071436e+00
1 16  4.2957454189899e+00
2 16 -1.2002859823986e-02
3 16 -2.2393095201037e+00
4 16  1.4963791091266e-03
16 16  3.6976733468525e+01
17 16 -9.1186060667580e-02
18 16 -1.8424473367340e+01
19 16  1.1377334729690e-02
25 16 -2.2204460492503e-15
26 16 -1.9246459555555e-01
27 16  1.2509279928889e+00
43 16  4.6269093644103e+00
44 16 -1.0762079417475e-02
45 16 -2.3473147807815e+00
46 16  1.3439499201791e-03
1 17  4.3151655011830e-02
2 17  4.3412835041589e+00
3 17 -5.4062610193476e-03
4 17 -2.2450048219756e+00
16 17  3.5003154325350e-01
17 17  3.7334140658975e+01
18 17 -4.3839139253029e-02
19 17 -1.8469195257921e+01
25 17  5.3290705182007e-15
26 17 -9.0968007999909e-02
27 17 -2.4601570088890e+00
43 17  4.4393355919209e-02
44 17  4.6706537208252e+00
45 17 -5.5581701635440e-03
46 17 -2.3527912943538e+00
1 18 -2.2211915204969e+00
2 18  1.4963791091266e-03
3 18  3.8415275535497e+00
4 18  1.4917978533838e-03
5 18 -2.2495704574645e+00
7 18  2.8718099122660e-01
16 18 -1.8424177104615e+01
17 18  1.1377334729690e-02
18 18  3.2610673676599e+01
19 18  1.1368415551684e-02
20 18 -1.8619421720202e+01
22 18  2.3196489290909e+00
25 18 -9.3673230666666e-01
26 18 -4.3797412888929e-02
27 18 -6.2450895199999e-01
28 18  9.3673230666662e-01
29 18 -5.2343449999981e-02
30 18 -6.2449526888886e-01
43 18 -2.4293720888284e+00
44 18  1.3439499201791e-03
45 18  4.1316577464802e+00
46 18  1.3462252717374e-03
47 18 -2.3795344548818e+00
49 18  2.9803128799827e-01
1 19 -5.4062610193476e-03
2 19 -2.2268868223688e+00
3 19 -5.4289526876370e-03
4 19  3.8358304250116e+00
6 19 -2.2495704574645e+00
8 19  2.8718099122660e-01
16 19 -4.3839139253029e-02
17 19 -1.8468898995196e+01
18 19 -4.3996618288026e-02
19 19  3.2565902638767e+01
21 19 -1.8619421720202e+01
23 19  2.3196489290909e+00
25 19  1.8544773199998e+00
26 19 -2.0507011333160e-02
27 19  1.2363096511110e+00
28 19 -1.8544773199999e+00
29 19 -2.4934339333579e-02
30 19  1.2363152982222e+00
43 19 -5.5581701635440e-03
44 19 -2.4348486024008e+00
45 19 -5.5748391568542e-03
46 19  4.1261707190504e+00
48 19 -2.3795344548818e+00
50 19  2.9803128799827e-01
3 20 -2.2380533910908e+00
5 20  4.3559272321977e+00
7 20 -2.2535961561707e+00
18 20 -1.8619421720202e+01
20 20  3.7548884431363e+01
22 20 -1.8657750888516e+01
29 20 -1.9183261422220e-01
30 20  1.2463415066666e+00
45 20 -2.4582761666592e+00
47 20  4.7077073862444e+00
49 20 -2.3854207271662e+00
4 21 -2.2380533910908e+00
6 21  4.3559272321977e+00
8 21 -2.2535961561707e+00
19 21 -1.8619421720202e+01
21 21  3.7548884431363e+01
23 21 -1.8657750888516e+01
29 21 -9.0674852444494e-02
30 21 -2.4853978497777e+00
46 21 -2.4582761666592e+00
48 21  4.7077073862444e+00
50 21 -2.3854207271662e+00
3 22  2.8513960764939e-01
5 22 -2.2488369571448e+00
7 22  3.8687075298054e+00
9 22 -2.2601303645434e+00
11 22  2.8757912410538e-01
18 22  2.3196489290909e+00
20 22 -1.8657750888516e+01
22 22  3.2935120179228e+01
24 22 -1.8806725357019e+01
28 22 -9.3286472666671e-01
29 22 -4.4922539777766e-02
30 22 -6.2191688222225e-01
32 22  9.3286472666669e-01
33 22 -5.0903348666613e-02
34 22 -6.2190268488890e-01
35 22  2.3449053970132e+00
45 22  3.1727899678311e-01
47 22 -2.4606613732204e+00
49 22  4.1825879215603e+00
51 22 -2.4094591153779e+00
53 22  3.0259637058588e-01
4 23  2.8513960764939e-01
6 23 -2.2488369571448e+00
8 23  3.8687075298054e+00
10 23 -2.2601303645434e+00
12 23  2.8757912410538e-01
19 23  2.3196489290909e+00
21 23 -1.8657750888516e+01
23 23  3.2935120179228e+01
28 23  1.8735844733335e+00
29 23 -2.1088630888811e-02
30 23  1.2490534004446e+00
31 23 -1.8806725357019e+01
32 23 -1.8735844733332e+00
33 23 -2.4206598889094e-02
34 23  1.2490592591110e+00
36 23  2.3449053970132e+00
46 23  3.1727899678311e-01
48 23 -2.4606613732204e+00
50 23  4.1825879215603e+00
52 23 -2.4094591153779e+00
54 23  3.0259637058588e-01
7 24 -2.2623108101796e+00
9 24  4.3920418639021e+00
11 24 -2.2640477972307e+00
22 24 -1.8806725357019e+01
24 24  3.7948428897206e+01
32 24 -1.0214051826551e-14
33 24 -1.9119296622222e-01
34 24  1.2408374942222e+00
35 24 -1.8872866839431e+01
49 24 -2.4812639393712e+00
51 24  4.7691811939187e+00
53 24 -2.4224372117955e+00
1 25 -1.4715792666671e-01
2 25 -7.8245259999848e-02
3 25 -2.7654237499996e-01
4 25  4.4118481833334e-01
16 25 -2.2204460492503e-15
17 25  5.3290705182007e-15
18 25 -9.3673230666666e-01
19 25  1.8544773199998e+00
25 25  0.0000000000000e+00
43 25  1.4398158000005e-01
44 25  5.9423386666779e-02
45 25 -1.9246225833336e-01
46 25  4.8141259000007e-01
1 26  9.8308835555587e-02
2 26  5.2264892888778e-02
3 26  2.6209800199998e-01
4 26 -4.4883178211112e-01
16 26 -1.9246459555555e-01
17 26 -9.0968007999909e-02
18 26 -4.3797412888929e-02
19 26 -2.0507011333160e-02
26 26  0.0000000000000e+00
43 26  9.6191271111147e-02
44 26  3.9716977333407e-02
45 26 -2.0669380466668e-01
46 26  4.7531271011111e-01
1 27  3.2114279644437e-01
2 27 -6.1072214777754e-01
3 27 -1.9663410433329e-01
4 27  2.8759803999999e-01
16 27  1.2509279928889e+00
17 27 -2.4601570088890e+00
18 27 -6.2450895199999e-01
19 27  1.2363096511110e+00
27 27  0.0000000000000e+00
43 27  3.0444568533337e-01
44 27 -6.1930498333345e-01
45 27 -1.1632109433336e-01
46 27  3.2588984722228e-01
3 28  2.0296341333332e-01
4 28 -4.8030744833321e-01
5 28 -1.4715793333323e-01
6 28 -7.8245260000214e-02
7 28 -2.7388838166667e-01
8 28  4.4681853666654e-01
18 28  9.3673230666662e-01
19 28 -1.8544773199999e+00
22 28 -9.3286472666671e-01
23 28  1.8735844733335e+00
28 28  0.0000000000000e+00
45 28  2.6438286166667e-01
46 28 -4.5172986333329e-01
47 28  1.4329035333332e-01
48 28  5.9138106666630e-02
49 28 -1.9345789333332e-01
50 28  4.8521877499997e-01
3 29 -2.1293800500000e-01
4 29  4.7496714633331e-01
5 29  9.8330235999927e-02
6 29  5.2277764000166e-02
7 29  2.6012396600002e-01
8 29 -4.5411921066664e-01
18 29 -5.2343449999981e-02
19 29 -2.4934339333579e-02
20 29 -1.9183261422220e-01
21 29 -9.0674852444494e-02
22 29 -4.4922539777766e-02
23 29 -2.1088630888811e-02
29 29  0.0000000000000e+00
45 29  2.5474822944443e-01
46 29 -4.5547061477766e-01
47 29  9.5751849333326e-02
48 29  3.9539661777756e-02
49 29 -2.0691767177776e-01
50 29  4.7950307599994e-01
3 30 -1.2305195188887e-01
4 30  3.2672238177766e-01
5 30  3.1785183044443e-01
6 30 -6.1810817577756e-01
7 30 -1.9486158633330e-01
8 30  2.9135556399982e-01
18 30 -6.2449526888886e-01
19 30  1.2363152982222e+00
20 30  1.2463415066666e+00
21 30 -2.4853978497777e+00
22 30 -6.2191688222225e-01
23 30  1.2490534004446e+00
30 30  0.0000000000000e+00
45 30 -1.8819699755558e-01
46 30  2.9622517366675e-01
47 30  3.0536130955558e-01
48 30 -6.2457325844472e-01
49 30 -1.1703195977779e-01
50 30  3.2840746588897e-01
8 31 -2.2623108101796e+00
10 31  4.3920418639021e+00
12 31 -2.2640477972307e+00
23 31 -1.8806725357019e+01
31 31  3.7948428897206e+01
32 31  1.7763568394003e-14
33 31 -9.0378077333407e-02
34 31 -2.5110173715554e+00
36 31 -1.8872866839431e+01
50 31 -2.4812639393712e+00
52 31  4.7691811939187e+00
54 31 -2.4224372117955e+00
7 32  2.0030941500002e-01
8 32 -4.8594117333333e-01
9 32 -1.4715793333337e-01
10 32 -7.8245260000155e-02
11 32 -2.7089392333335e-01
12 32  4.5262350833323e-01
22 32  9.3286472666669e-01
23 32 -1.8735844733332e+00
24 32 -1.0214051826551e-14
31 32  1.7763568394003e-14
32 32  0.0000000000000e+00
35 32 -9.2830591999998e-01
36 32  1.8929769066668e+00
49 32  2.6503674333331e-01
50 32 -4.5567709499996e-01
51 32  1.4259912666666e-01
52 32  5.8852826666552e-02
53 32 -1.9445223499998e-01
54 32  4.8899476000004e-01
7 33 -2.1095307288892e-01
8 33  4.8026109111112e-01
9 33  9.8352589777796e-02
10 33  5.2291087555653e-02
11 33  2.5787681211113e-01
12 33 -4.5953776966666e-01
22 33 -5.0903348666613e-02
23 33 -2.4206598889094e-02
24 33 -1.9119296622222e-01
31 33 -9.0378077333407e-02
33 33  0.0000000000000e+00
35 33 -4.6176939777833e-02
36 33 -2.1747925110923e-02
49 33  2.5475515377775e-01
50 33 -4.5974849999993e-01
51 33  9.5313385333322e-02
52 33  3.9362798666579e-02
53 33 -2.0707161344441e-01
54 33  4.8370389366666e-01
7 34 -1.2127925700000e-01
8 34  3.3047999955551e-01
9 34  3.1411309399996e-01
10 34 -6.2571954688864e-01
11 34 -1.9286191811111e-01
12 34  2.9522734622207e-01
22 34 -6.2190268488890e-01
23 34  1.2490592591110e+00
24 34  1.2408374942222e+00
31 34 -2.5110173715554e+00
34 34  0.0000000000000e+00
35 34 -6.1886348044444e-01
36 34  1.2619875480001e+00
49 34 -1.8856448177779e-01
50 34  2.9888449233336e-01
51 34  3.0626285577784e-01
52 34 -6.2980680022245e-01
53 34 -1.1774162177779e-01
54 34  3.3090507344451e-01
7 35  2.8901444696666e-01
9 35 -2.2733660584999e+00
11 35  3.9003515191214e+00
13 35 -2.2707874059789e+00
15 35  2.5932499506210e-01
22 35  2.3449053970132e+00
24 35 -1.8872866839431e+01
32 35 -9.2830591999998e-01
33 35 -4.6176939777833e-02
34 35 -6.1886348044444e-01
35 35  3.3287649717110e+01
37 35 -1.8996468115144e+01
39 35  9.2830591999998e-01
40 35 -4.9328178222129e-02
41 35 -6.1884926399999e-01
42 35  2.1349312215814e+00
49 35  3.2009254825703e-01
51 35 -2.4906414584644e+00
53 35  4.2359816160152e+00
55 35 -2.4395791194559e+00
57 35  2.7668321649346e-01
8 36  2.8901444696666e-01
10 36 -2.2733660584999e+00
12 36  3.9003515191214e+00
14 36 -2.2707874059789e+00
15 36  1.2515143105953e-01
23 36  2.3449053970132e+00
31 36 -1.8872866839431e+01
32 36  1.8929769066668e+00
33 36 -2.1747925110923e-02
34 36  1.2619875480001e+00
36 36  3.3287649717110e+01
38 36 -1.8996468115144e+01
39 36 -1.8929769066666e+00
40 36 -2.3398463777988e-02
41 36  1.2619934155554e+00
42 36  1.0303275860000e+00
50 36  3.2009254825703e-01
52 36 -2.4906414584644e+00
54 36  4.2359816160152e+00
56 36 -2.4395791194559e+00
57 36  1.3352858812447e-01
11 37 -2.2874263217120e+00
13 37  4.4291288726812e+00
15 37 -2.0485483356844e+00
35 37 -1.8996468115144e+01
37 37  3.8354058034441e+01
39 37  9.7699626167014e-15
40 37 -1.9054739377780e-01
41 37  1.2344119946666e+00
42 37 -1.7193996445303e+01
53 37 -2.5042519288563e+00
55 37  4.8310871556050e+00
57 37 -2.2154074410061e+00
12 38 -2.2874263217120e+00
14 38  4.4291288726812e+00
15 38 -9.8863881495156e-01
36 38 -1.8996468115144e+01
38 38  3.8354058034441e+01
39 38 -7.1054273576010e-15
40 38 -9.0078507555602e-02
41 38 -2.5370171955554e+00
42 38 -8.2979014368711e+00
54 38 -2.5042519288563e+00
56 38  4.8310871556050e+00
57 38 -1.0691657826849e+00
11 39  1.9731495666666e-01
12 39 -4.9174613833333e-01
13 39 -1.4715793333332e-01
14 39 -7.8245259999911e-02
15 39 -4.1634888781381e-02
35 39  9.2830591999998e-01
36 39 -1.8929769066666e+00
37 39  9.7699626167014e-15
38 39 -7.1054273576010e-15
39 39  0.0000000000000e+00
53 39  2.6568561333333e-01
54 39 -4.5959565999996e-01
55 39  1.4190789333334e-01
56 39  5.8567546666556e-02
57 39  3.8141745849197e-02
11 40 -2.0869461200000e-01
12 40  4.8568636855558e-01
13 40  9.8375683555551e-02
14 40  5.2304760444413e-02
15 40  2.7827874045617e-02
35 40 -4.9328178222129e-02
36 40 -2.3398463777988e-02
37 40 -1.9054739377780e-01
38 40 -9.0078507555602e-02
40 40  0.0000000000000e+00
42 40 -5.2614164186769e-02
53 40  2.5469008799999e-01
54 40 -4.6403764811102e-01
55 40  9.4875656888898e-02
56 40  3.9186284888821e-02
57 40  2.5499112762395e-02
11 41 -1.1927952911110e-01
12 41  3.3435180622217e-01
13 41  3.0991718711102e-01
14 41 -6.3356077133304e-01
15 41 -4.1634071289620e-02
35 41 -6.1884926399999e-01
36 41  1.2619934155554e+00
37 41  1.2344119946666e+00
38 41 -2.5370171955554e+00
41 41  0.0000000000000e+00
42 41  2.3056967460633e-05
53 41 -1.8892866488890e-01
54 41  3.0152467988891e-01
55 41  3.0716071422232e-01
56 41 -6.3500069311130e-01
57 41  3.8221627071968e-02
11 42  2.6391985133399e-01
12 42  1.2736892906602e-01
13 42 -2.0703019286192e+00
14 42 -9.9913719319975e-01
15 42  1.9652569492793e+00
35 42  2.1349312215814e+00
36 42  1.0303275860000e+00
37 42 -1.7193996445303e+01
38 42 -8.2979014368711e+00
40 42 -5.2614164186769e-02
41 42  2.3056967460633e-05
42 42  1.6813292526177e+01
53 42  2.9081991148011e-01
54 42  1.4035102130086e-01
55 42 -2.2703263670636e+00
56 42 -1.0956699033499e+00
57 42  2.1462000030762e+00
1 43 -2.2713874074992e+00
2 43  5.6912348103652e-03
3 43  1.1555744396275e+00
4 43 -7.1008225732642e-04
16 43  4.6227345893764e+00
17 43 -1.0762079417475e-02
18 43 -2.4272961296811e+00
19 43  1.3439499201791e-03
25 43  1.4398158000005e-01
26 43  9.6191271111147e-02
27 43  3.0444568533337e-01
43 43  1.8369213395542e+01
44 43 -4.1488611778456e-02
45 43 -9.0750855207630e+00
46 43  5.1733630532201e-03
58 43  4.2700452988986e+00
59 43 -9.9661403817626e-03
60 43 -1.4398157999996e-01
61 43  9.6118261777752e-02
62 43  2.8161343488884e-01
63 43 -2.1713281597995e+00
64 43  1.2407413221061e-03
85 43 -2.2004948934095e+00
86 43  4.7050472692353e-03
87 43  1.1030871985678e+00
88 43 -5.8624393246598e-04
1 44 -2.1886252732760e-02
2 44 -2.2937080178952e+00
3 44  2.7411077957229e-03
4 44  1.1583673934885e+00
16 44  4.4393355919209e-02
17 44  4.6664789457913e+00
18 44 -5.5581701635440e-03
19 44 -2.4327726432535e+00
25 44  5.9423386666779e-02
26 44  3.9716977333407e-02
27 44 -6.1930498333345e-01
43 44  1.7128087784651e-01
44 44  1.8537862496822e+01
45 44 -2.1419087923643e-02
46 44 -9.0961694830379e+00
58 44  4.1261975001025e-02
59 44  4.3106278500836e+00
60 44 -5.9423386666740e-02
61 44  3.9663656000061e-02
62 44 -5.7478765733296e-01
63 44 -5.1530712994057e-03
64 44 -2.1763940864566e+00
85 44 -2.0911628733401e-02
86 44 -2.2203330228930e+00
87 44  2.6111179334960e-03
88 44  1.1055645466374e+00
1 45  1.1429084275362e+00
2 45 -7.1008225732642e-04
3 45 -2.0140105767379e+00
4 45 -7.0950578128031e-04
5 45  1.1662739484561e+00
7 45 -1.4725073185008e-01
16 45 -2.3452001846499e+00
17 45  1.3439499201791e-03
18 45  4.1332351223017e+00
19 45  1.3462252717374e-03
20 45 -2.4582761666592e+00
22 45  3.1727899678311e-01
25 45 -1.9246225833336e-01
26 45 -2.0669380466668e-01
27 45 -1.1632109433336e-01
28 45  2.6438286166667e-01
29 45  2.5474822944443e-01
30 45 -1.8819699755558e-01
43 45 -9.0749992277193e+00
44 45  5.1733630532201e-03
45 45  1.6107409895552e+01
46 45  5.1667633850863e-03
47 45 -9.1530568808126e+00
49 45  1.1343732757282e+00
58 45 -2.2418055988572e+00
59 45  1.2407413221061e-03
60 45 -2.4607969333335e-01
61 45  2.3194384688891e-01
62 45 -1.7604918355554e-01
63 45  3.7937024385260e+00
64 45  1.2355098695347e-03
65 45 -2.1861948280272e+00
67 45  1.7415908999997e-01
68 45 -1.8391890399999e-01
69 45 -1.0416275355554e-01
70 45  2.7385879042415e-01
85 45  1.1101108443392e+00
86 45 -5.8624393246598e-04
87 45 -1.9240572211065e+00
88 45 -5.8465489189784e-04
89 45  1.0991000340435e+00
91 45 -1.3725263502796e-01
1 46  2.7411077957229e-03
2 46  1.1457013813972e+00
3 46  2.7509479611228e-03
4 46 -2.0112145377459e+00
6 46  1.1662739484561e+00
8 46 -1.4725073185008e-01
16 46 -5.5581701635440e-03
17 46 -2.3506766982222e+00
18 46 -5.5748391568542e-03
19 46  4.1277480948718e+00
21 46 -2.4582761666592e+00
23 46  3.1727899678311e-01
25 46  4.8141259000007e-01
26 46  4.7531271011111e-01
27 46  3.2588984722228e-01
28 46 -4.5172986333329e-01
29 46 -4.5547061477766e-01
30 46  2.9622517366675e-01
43 46 -2.1419087923643e-02
44 46 -9.0960831899942e+00
45 46 -2.1438923217015e-02
46 46  1.6086337438533e+01
48 46 -9.1530568808126e+00
50 46  1.1343732757282e+00
58 46 -5.1530712994057e-03
59 46 -2.2468715255144e+00
60 46  4.1524585000003e-01
61 46 -4.2125391733338e-01
62 46  2.7187927644442e-01
63 46 -5.1459614195967e-03
64 46  3.7886525631765e+00
66 46 -2.1861948280272e+00
67 46 -4.4492857666676e-01
68 46  4.4107531988901e-01
69 46  3.0154818144441e-01
71 46  2.7385879042415e-01
85 46  2.6111179334960e-03
86 46  1.1125881924088e+00
87 46  2.6067743912158e-03
88 46 -1.9215861572480e+00
90 46  1.0991000340435e+00
92 46 -1.3725263502796e-01
3 47  1.1548597930164e+00
5 47 -2.3067110637780e+00
7 47  1.1685419934612e+00
18 47 -2.3795344548818e+00
20 47  4.7077073862444e+00
22 47 -2.4606613732204e+00
28 47  1.4329035333332e-01
29 47  9.5751849333326e-02
30 47  3.0536130955558e-01
45 47 -9.1530568808126e+00
47 47  1.8537544486867e+01
49 47 -9.1422106672314e+00
63 47 -2.2551805911924e+00
65 47  4.2880368019778e+00
67 47 -1.4329035333332e-01
68 47  9.5708791555550e-02
69 47  2.7831446377776e-01
70 47 -2.1775349770054e+00
87 47  1.1060296191345e+00
89 47 -2.1807887794968e+00
91 47  1.0929587069175e+00
4 48  1.1548597930164e+00
6 48 -2.3067110637780e+00
8 48  1.1685419934612e+00
19 48 -2.3795344548818e+00
21 48  4.7077073862444e+00
23 48 -2.4606613732204e+00
28 48  5.9138106666630e-02
29 48  3.9539661777756e-02
30 48 -6.2457325844472e-01
46 48 -9.1530568808126e+00
48 48  1.8537544486867e+01
50 48 -9.1422106672314e+00
64 48 -2.2551805911924e+00
66 48  4.2880368019778e+00
67 48 -5.9138106666732e-02
68 48  3.9507155111125e-02
69 48 -5.7229652288869e-01
71 48 -2.1775349770054e+00
88 48  1.1060296191345e+00
90 48 -2.1807887794968e+00
92 48  1.0929587069175e+00
3 49 -1.4455667189584e-01
5 49  1.1584104173422e+00
7 49 -2.0331284750126e+00
9 49  1.1759970677290e+00
11 49 -1.4840716842738e-01
18 49  2.9803128799827e-01
20 49 -2.3854207271662e+00
22 49  4.1825879215603e+00
24 49 -2.4812639393712e+00
28 49 -1.9345789333332e-01
29 49 -2.0691767177776e-01
30 49 -1.1703195977779e-01
32 49  2.6503674333331e-01
33 49  2.5475515377775e-01
34 49 -1.8856448177779e-01
35 49  3.2009254825703e-01
45 49  1.1343732757282e+00
47 49 -9.1422106672314e+00
49 49  1.6171659167971e+01
51 49 -9.1827380879715e+00
53 49  1.1399337381883e+00
63 49  2.9099147712966e-01
65 49 -2.2455847130247e+00
67 49 -2.4349521499998e-01
68 49  2.3000991611110e-01
69 49 -1.7426856244443e-01
70 49  3.7921016250573e+00
72 49 -2.1840039360547e+00
74 49  1.7191636500001e-01
75 49 -1.8218651855557e-01
76 49 -1.0272605177777e-01
77 49  2.7400949296241e-01
87 49 -1.3899958418550e-01
89 49  1.0999944369742e+00
91 49 -1.8983288584133e+00
93 49  1.0818989719636e+00
95 49 -1.3543860010693e-01
4 50 -1.4455667189584e-01
6 50  1.1584104173422e+00
8 50 -2.0331284750126e+00
10 50  1.1759970677290e+00
12 50 -1.4840716842738e-01
19 50  2.9803128799827e-01
21 50 -2.3854207271662e+00
23 50  4.1825879215603e+00
28 50  4.8521877499997e-01
29 50  4.7950307599994e-01
30 50  3.2840746588897e-01
31 50 -2.4812639393712e+00
32 50 -4.5567709499996e-01
33 50 -4.5974849999993e-01
34 50  2.9888449233336e-01
36 50  3.2009254825703e-01
46 50  1.1343732757282e+00
48 50 -9.1422106672314e+00
50 50  1.6171659167971e+01
52 50 -9.1827380879715e+00
54 50  1.1399337381883e+00
64 50  2.9099147712966e-01
66 50 -2.2455847130247e+00
67 50  4.1344019833340e-01
68 50 -4.1915716533348e-01
69 50  2.7069957811104e-01
71 50  3.7921016250573e+00
73 50 -2.1840039360547e+00
74 50 -4.4298187833331e-01
75 50  4.3890162133333e-01
76 50  3.0022654633326e-01
78 50  2.7400949296241e-01
88 50 -1.3899958418550e-01
90 50  1.0999944369742e+00
92 50 -1.8983288584133e+00
94 50  1.0818989719636e+00
96 50 -1.3543860010693e-01
7 51  1.1671622957866e+00
9 51 -2.3306796998835e+00
11 51  1.1800299203617e+00
22 51 -2.4094591153779e+00
24 51  4.7691811939187e+00
32 51  1.4259912666666e-01
33 51  9.5313385333322e-02
34 51  3.0626285577784e-01
35 51 -2.4906414584644e+00
49 51 -9.1827380879715e+00
51 51  1.8624650673996e+01
53 51 -9.2008800563093e+00
70 51 -2.2519928738540e+00
72 51  4.2884106167952e+00
74 51 -1.4259912666666e-01
75 51  9.5301143555548e-02
76 51  2.7571915355548e-01
77 51 -2.1812995634976e+00
91 51  1.0893108668133e+00
93 51 -2.1527293149301e+00
95 51  1.0816746026165e+00
8 52  1.1671622957866e+00
10 52 -2.3306796998835e+00
12 52  1.1800299203617e+00
23 52 -2.4094591153779e+00
31 52  4.7691811939187e+00
32 52  5.8852826666552e-02
33 52  3.9362798666579e-02
34 52 -6.2980680022245e-01
36 52 -2.4906414584644e+00
50 52 -9.1827380879715e+00
52 52  1.8624650673996e+01
54 52 -9.2008800563093e+00
71 52 -2.2519928738540e+00
73 52  4.2884106167952e+00
74 52 -5.8852826666627e-02
75 52  3.9351483111079e-02
76 52 -5.6955666822190e-01
78 52 -2.1812995634976e+00
92 52  1.0893108668133e+00
94 52 -2.1527293149301e+00
96 52  1.0816746026165e+00
7 53 -1.4636667658915e-01
9 53  1.1725377951394e+00
11 53 -2.0541752072404e+00
13 53  1.1858034011990e+00
15 53 -1.3470579960914e-01
22 53  3.0259637058588e-01
24 53 -2.4224372117955e+00
32 53 -1.9445223499998e-01
33 53 -2.0707161344441e-01
34 53 -1.1774162177779e-01
35 53  4.2359816160152e+00
37 53 -2.5042519288563e+00
39 53  2.6568561333333e-01
40 53  2.5469008799999e-01
41 53 -1.8892866488890e-01
42 53  2.9081991148011e-01
49 53  1.1399337381883e+00
51 53 -9.2008800563093e+00
53 53  1.6249590231350e+01
55 53 -9.2139353130841e+00
57 53  1.0318180070670e+00
70 53  2.9106699590141e-01
72 53 -2.2498210794374e+00
74 53 -2.4142920666666e-01
75 53  2.2875554600002e-01
76 53 -1.7283446733331e-01
77 53  3.7928804398210e+00
79 53 -2.1805453039649e+00
81 53  1.7019582833336e-01
82 53 -1.8113535311114e-01
83 53 -1.0163883944445e-01
84 53  2.4661367214207e-01
91 53 -1.3736388677207e-01
93 53  1.0896738696884e+00
95 53 -1.8747348692231e+00
97 53  1.0651556285707e+00
99 53 -1.2029924111181e-01
8 54 -1.4636667658915e-01
10 54  1.1725377951394e+00
12 54 -2.0541752072404e+00
14 54  1.1858034011990e+00
15 54 -6.5009636225247e-02
23 54  3.0259637058588e-01
31 54 -2.4224372117955e+00
32 54  4.8899476000004e-01
33 54  4.8370389366666e-01
34 54  3.3090507344451e-01
36 54  4.2359816160152e+00
38 54 -2.5042519288563e+00
39 54 -4.5959565999996e-01
40 54 -4.6403764811102e-01
41 54  3.0152467988891e-01
42 54  1.4035102130086e-01
50 54  1.1399337381883e+00
52 54 -9.2008800563093e+00
54 54  1.6249590231350e+01
56 54 -9.2139353130841e+00
57 54  4.9796009830728e-01
71 54  2.9106699590141e-01
73 54 -2.2498210794374e+00
74 54  4.1145214666678e-01
75 54 -4.1677376544452e-01
76 54  2.6939792077779e-01
78 54  3.7928804398210e+00
80 54 -2.1805453039649e+00
81 54 -4.4085124666682e-01
82 54  4.3644056144454e-01
83 54  2.9878172188898e-01
84 54  1.1901688880948e-01
92 54 -1.3736388677207e-01
94 54  1.0896738696884e+00
96 54 -1.8747348692231e+00
98 54  1.0651556285707e+00
99 54 -5.8056965011368e-02
11 55  1.1796678361286e+00
13 55 -2.3550056550794e+00
15 55  1.0732305134456e+00
35 55 -2.4395791194559e+00
37 55  4.8310871556050e+00
39 55  1.4190789333334e-01
40 55  9.4875656888898e-02
41 55  3.0716071422232e-01
42 55 -2.2703263670636e+00
53 55 -9.2139353130841e+00
55 55  1.8714657431147e+01
57 55 -8.3404305436301e+00
77 55 -2.2504591651013e+00
79 55  4.2893098891659e+00
81 55 -1.4190789333336e-01
82 55  9.4894989777789e-02
83 55  2.7380207444438e-01
84 55 -1.9668646163982e+00
95 55  1.0740114523389e+00
97 55 -2.1257131368743e+00
99 55  9.6366179123388e-01
12 56  1.1796678361286e+00
14 56 -2.3550056550794e+00
15 56  5.1794596422261e-01
36 56 -2.4395791194559e+00
38 56  4.8310871556050e+00
39 56  5.8567546666556e-02
40 56  3.9186284888821e-02
41 56 -6.3500069311130e-01
42 56 -1.0956699033499e+00
54 56 -9.2139353130841e+00
56 56  1.8714657431147e+01
57 56 -4.0251299986874e+00
78 56 -2.2504591651013e+00
80 56  4.2893098891659e+00
81 56 -5.8567546666687e-02
82 56  3.9196490222179e-02
83 56 -5.6657934155538e-01
84 56 -9.4921788123050e-01
96 56  1.0740114523389e+00
98 56 -2.1257131368743e+00
99 56  4.6506759626571e-01
11 57 -1.3348355836824e-01
12 57 -6.4419776929846e-02
13 57  1.0689670063483e+00
14 57  5.1588837558820e-01
15 57 -1.0378133071436e+00
35 57  2.7668321649346e-01
36 57  1.3352858812447e-01
37 57 -2.2154074410061e+00
38 57 -1.0691657826849e+00
39 57  3.8141745849197e-02
40 57  2.5499112762395e-02
41 57  3.8221627071968e-02
42 57  2.1462000030762e+00
53 57  1.0318180070670e+00
54 57  4.9796009830728e-01
55 57 -8.3404305436301e+00
56 57 -4.0251299986874e+00
57 57  8.1769942523733e+00
77 57  2.6256911420959e-01
78 57  1.2671705768726e-01
79 57 -2.0316440261546e+00
80 57 -9.8048071661892e-01
81 57 -3.8141745849195e-02
82 57  2.5511537188897e-02
83 57 -3.8199825014504e-02
84 57  1.8984637285622e+00
95 57 -1.2241164032168e-01
96 57 -5.9076418545760e-02
97 57  9.7260737710168e-01
98 57  4.6938477696533e-01
99 57 -9.3437590810813e-01
43 58  4.2659621186434e+00
44 58 -9.9661403817626e-03
45 58 -2.2397753875952e+00
46 58  1.2407413221061e-03
58 58  3.5763961647114e+01
59 58 -7.5251931991103e-02
60 58 -3.5527136788005e-15
61 58 -1.8595515466667e-01
62 58  1.0960136702222e+00
63 58 -1.7699557390916e+01
64 58  9.3764910518211e-03
85 58  4.3635279783840e+00
86 58 -8.8540486951784e-03
87 58 -2.2495827292837e+00
88 58  1.1042344077578e-03
43 59  4.1261975001025e-02
44 59  4.3065446698284e+00
45 59 -5.1530712994057e-03
46 59 -2.2448413142523e+00
58 59  3.3459602342769e-01
59 59  3.6081419557097e+01
60 59  7.1054273576010e-15
61 59 -8.4418938666584e-02
62 59 -2.3139398026667e+00
63 59 -4.1779162235902e-02
64 59 -1.7739200766844e+01
85 59  4.2384539932576e-02
86 59  4.4022979451330e+00
87 59 -5.2914004345782e-03
88 59 -2.2544261949048e+00
43 60 -1.4398157999996e-01
44 60 -5.9423386666740e-02
45 60 -2.4607969333335e-01
46 60  4.1524585000003e-01
58 60 -3.5527136788005e-15
59 60  7.1054273576010e-15
60 60  0.0000000000000e+00
63 60 -8.1851450000001e-01
64 60  1.7311479333332e+00
85 60  1.3651765333333e-01
86 60  6.7781799999992e-02
87 60 -1.6474827499997e-01
88 60  4.5257735999997e-01
43 61  9.6118261777752e-02
44 61  3.9663656000061e-02
45 61  2.3194384688891e-01
46 61 -4.2125391733338e-01
58 61 -1.8595515466667e-01
59 61 -8.4418938666584e-02
61 61  0.0000000000000e+00
63 61 -4.2638014888915e-02
64 61 -1.9186345333043e-02
85 61  9.1142310666658e-02
86 61  4.5235931555542e-02
87 61 -1.7836054866664e-01
88 61  4.4581954488880e-01
43 62  2.8161343488884e-01
44 62 -5.7478765733296e-01
45 62 -1.7604918355554e-01
46 62  2.7187927644442e-01
58 62  1.0960136702222e+00
59 62 -2.3139398026667e+00
62 62  0.0000000000000e+00
63 62 -5.4571570177779e-01
64 62  1.1540773368888e+00
85 62  2.6662961088893e-01
86 62 -5.8205453200015e-01
87 62 -9.8497490999997e-02
88 62  3.0734477933332e-01
43 63 -2.1692494930623e+00
44 63  1.2407413221061e-03
45 63  3.7952529044297e+00
46 63  1.2355098695347e-03
47 63 -2.2551805911924e+00
49 63  2.9099147712966e-01
58 63 -1.7699469636938e+01
59 63  9.3764910518211e-03
60 63 -8.1851450000001e-01
61 63 -4.2638014888915e-02
62 63 -5.4571570177779e-01
63 63  3.1136463387801e+01
64 63  9.3512898514429e-03
65 63 -1.7662227711846e+01
67 63  8.1851450000003e-01
68 63 -5.0892039777750e-02
69 63 -5.4568913822224e-01
70 63  2.1911595056669e+00
85 63 -2.2352038221277e+00
86 63  1.1042344077578e-03
87 63  3.8158375327329e+00
88 63  1.1031096980566e-03
89 63 -2.2178480599929e+00
91 63  2.8245283005474e-01
43 64 -5.1530712994057e-03
44 64 -2.1743154197194e+00
45 64 -5.1459614195967e-03
46 64  3.7902030290802e+00
48 64 -2.2551805911924e+00
50 64  2.9099147712966e-01
58 64 -4.1779162235902e-02
59 64 -1.7739113012867e+01
60 64  1.7311479333332e+00
61 64 -1.9186345333043e-02
62 64  1.1540773368888e+00
63 64 -4.1709702659514e-02
64 64  3.1096920753207e+01
66 64 -1.7662227711846e+01
67 64 -1.7311479333331e+00
68 64 -2.3280328666825e-02
69 64  1.1540916724443e+00
71 64  2.1911595056669e+00
85 64 -5.2914004345782e-03
86 64 -2.2400472877487e+00
87 64 -5.2811361452662e-03
88 64  3.8110031526486e+00
90 64 -2.2178480599929e+00
92 64  2.8245283005474e-01
45 65 -2.1861948280272e+00
47 65  4.2880368019778e+00
49 65 -2.2455847130247e+00
63 65 -1.7662227711846e+01
65 65  3.5517868551517e+01
67 65  5.3290705182007e-15
68 65 -1.8707900533334e-01
69 65  1.0887305431111e+00
70 65 -1.7568372411622e+01
87 65 -2.2041868889530e+00
89 65  4.2626233575168e+00
91 65 -2.2019621575391e+00
46 66 -2.1861948280272e+00
48 66  4.2880368019778e+00
50 66 -2.2455847130247e+00
64 66 -1.7662227711846e+01
66 66  3.5517868551517e+01
67 66 -7.1054273576010e-15
68 66 -8.4950016888779e-02
69 66 -2.3014996293332e+00
71 66 -1.7568372411622e+01
88 66 -2.2041868889530e+00
90 66  4.2626233575168e+00
92 66 -2.2019621575391e+00
45 67  1.7415908999997e-01
46 67 -4.4492857666676e-01
47 67 -1.4329035333332e-01
48 67 -5.9138106666732e-02
49 67 -2.4349521499998e-01
50 67  4.1344019833340e-01
63 67  8.1851450000003e-01
64 67 -1.7311479333331e+00
65 67  5.3290705182007e-15
66 67 -7.1054273576010e-15
67 67  0.0000000000000e+00
70 67 -8.1473497333332e-01
71 67  1.7210181133334e+00
87 67  2.3405724166669e-01
88 67 -4.1816505833326e-01
89 67  1.3951082666661e-01
90 67  6.9267926666475e-02
91 67 -1.6472111666668e-01
92 67  4.4965343666662e-01
45 68 -1.8391890399999e-01
46 68  4.4107531988901e-01
47 68  9.5708791555550e-02
48 68  3.9507155111125e-02
49 68  2.3000991611110e-01
50 68 -4.1915716533348e-01
63 68 -5.0892039777750e-02
64 68 -2.3280328666825e-02
65 68 -1.8707900533334e-01
66 68 -8.4950016888779e-02
68 68  0.0000000000000e+00
70 68 -4.3738798888880e-02
71 68 -1.9685183777573e-02
87 68  2.2464440044446e-01
88 68 -4.2284509233319e-01
89 68  9.3189107111074e-02
90 68  4.6260368444267e-02
91 68 -1.7792346722223e-01
92 68  4.4307494355545e-01
45 69 -1.0416275355554e-01
46 69  3.0154818144441e-01
47 69  2.7831446377776e-01
48 69 -5.7229652288869e-01
49 69 -1.7426856244443e-01
50 69  2.7069957811104e-01
63 69 -5.4568913822224e-01
64 69  1.1540916724443e+00
65 69  1.0887305431111e+00
66 69 -2.3014996293332e+00
69 69  0.0000000000000e+00
70 69 -5.4316945377776e-01
71 69  1.1473384591111e+00
87 69 -1.6767931188890e-01
88 69  2.7299647377780e-01
89 69  2.6612763711113e-01
90 69 -5.7841159311119e-01
91 69 -9.8203424111128e-02
92 69  3.0553338044445e-01
45 70  2.7385879042415e-01
47 70 -2.1775349770054e+00
49 70  3.7921016250573e+00
51 70 -2.2519928738540e+00
53 70  2.9106699590141e-01
63 70  2.1911595056669e+00
65 70 -1.7568372411622e+01
67 70 -8.1473497333332e-01
68 70 -4.3738798888880e-02
69 70 -5.4316945377776e-01
70 70  3.0769449275174e+01
72 70 -1.7413563866041e+01
74 70  8.1473497333333e-01
75 70 -5.0344176222147e-02
76 70 -5.4314473466667e-01
77 70  2.1662167647000e+00
87 70  2.7926785098727e-01
89 70 -2.1900872595120e+00
91 70  3.7142629044332e+00
93 70 -2.1506516019176e+00
95 70  2.7481927760775e-01
46 71  2.7385879042415e-01
48 71 -2.1775349770054e+00
50 71  3.7921016250573e+00
52 71 -2.2519928738540e+00
54 71  2.9106699590141e-01
64 71  2.1911595056669e+00
66 71 -1.7568372411622e+01
67 71  1.7210181133334e+00
68 71 -1.9685183777573e-02
69 71  1.1473384591111e+00
71 71  3.0769449275174e+01
73 71 -1.7413563866041e+01
74 71 -1.7210181133334e+00
75 71 -2.3042854889171e-02
76 71  1.1473519213334e+00
78 71  2.1662167647000e+00
88 71  2.7926785098727e-01
90 71 -2.1900872595120e+00
92 71  3.7142629044332e+00
94 71 -2.1506516019176e+00
96 71  2.7481927760775e-01
49 72 -2.1840039360547e+00
51 72  4.2884106167952e+00
53 72 -2.2498210794374e+00
70 72 -1.7413563866041e+01
72 72  3.5124281334379e+01
74 72 -2.6645352591004e-15
75 72 -1.8818828711111e-01
76 72  1.0863452026667e+00
77 72 -1.7420114015746e+01
91 72 -2.1418461654575e+00
93 72  4.1479293465716e+00
95 72 -2.1512722350088e+00
50 73 -2.1840039360547e+00
52 73  4.2884106167952e+00
54 73 -2.2498210794374e+00
71 73 -1.7413563866041e+01
73 73  3.5124281334379e+01
74 73  7.1054273576010e-15
75 73 -8.5474468444276e-02
76 73 -2.2867045626666e+00
78 73 -1.7420114015746e+01
92 73 -2.1418461654575e+00
94 73  4.1479293465716e+00
96 73 -2.1512722350088e+00
49 74  1.7191636500001e-01
50 74 -4.4298187833331e-01
51 74 -1.4259912666666e-01
52 74 -5.8852826666627e-02
53 74 -2.4142920666666e-01
54 74  4.1145214666678e-01
70 74  8.1473497333333e-01
71 74 -1.7210181133334e+00
72 74 -2.6645352591004e-15
73 74  7.1054273576010e-15
74 74  0.0000000000000e+00
77 74 -8.1463986000003e-01
78 74  1.7091168799998e+00
91 74  2.3551669999995e-01
92 74 -4.1450302666665e-01
93 74  1.4250401333336e-01
94 74  7.0754060000187e-02
95 74 -1.6600385833330e-01
96 74  4.4603275833316e-01
49 75 -1.8218651855557e-01
50 75  4.3890162133333e-01
51 75  9.5301143555548e-02
52 75  3.9351483111079e-02
53 75  2.2875554600002e-01
54 75 -4.1677376544452e-01
70 75 -5.0344176222147e-02
71 75 -2.3042854889171e-02
72 75 -1.8818828711111e-01
73 75 -8.5474468444276e-02
75 75  0.0000000000000e+00
77 75 -4.5160322000086e-02
78 75 -2.0391971333096e-02
91 75  2.2522468699995e-01
92 75 -4.1959133422221e-01
93 75  9.5237734666688e-02
94 75  4.7285638666784e-02
95 75 -1.7863980733329e-01
96 75  4.3973565122208e-01
49 76 -1.0272605177777e-01
50 76  3.0022654633326e-01
51 76  2.7571915355548e-01
52 76 -5.6955666822190e-01
53 76 -1.7283446733331e-01
54 76  2.6939792077779e-01
70 76 -5.4314473466667e-01
71 76  1.1473519213334e+00
72 76  1.0863452026667e+00
73 76 -2.2867045626666e+00
76 76  0.0000000000000e+00
77 76 -5.4308132577781e-01
78 76  1.1394177657777e+00
91 76 -1.6887615122221e-01
92 76  2.7044480000002e-01
93 76  2.6738196244452e-01
94 76 -5.7383468777807e-01
95 76 -9.8783587888883e-02
96 76  3.0325696444440e-01
49 77  2.7400949296241e-01
51 77 -2.1812995634976e+00
53 77  3.7928804398210e+00
55 77 -2.2504591651013e+00
57 77  2.6256911420959e-01
70 77  2.1662167647000e+00
72 77 -1.7420114015746e+01
74 77 -8.1463986000003e-01
75 77 -4.5160322000086e-02
76 77 -5.4308132577781e-01
77 77  3.0434867698609e+01
79 77 -1.7176490906337e+01
81 77  8.1463986000000e-01
82 77 -4.9449212666620e-02
83 77 -5.4306142088888e-01
84 77  1.9291405223093e+00
91 77  2.7313628709155e-01
93 77 -2.1466342132882e+00
95 77  3.6180781777077e+00
97 77 -2.0846235001853e+00
99 77  2.4031592348643e-01
50 78  2.7400949296241e-01
52 78 -2.1812995634976e+00
54 78  3.7928804398210e+00
56 78 -2.2504591651013e+00
57 78  1.2671705768726e-01
71 78  2.1662167647000e+00
73 78 -1.7420114015746e+01
74 78  1.7091168799998e+00
