%%MatrixMarket matrix coordinate real general
2410 2410 54816
1 1  6.2579680706935e-02
26 1 -6.6378053147369e-02
27 1  7.7104456604229e-03
54 1  5.8664234824293e-03
57 1 -9.2752749524194e-03
60 1  1.4528148604791e-03
2 2  7.1946184395488e+05
3 2 -2.1541836892947e-10
4 2  1.7986538962379e+05
5 2  1.1707519986208e-04
55 2 -3.5973086331716e+05
56 2  8.6003771451115e-10
58 2 -8.9932724075411e+04
59 2 -4.4444444450298e+05
2 3 -2.1541836892947e-10
3 3  7.8095268190565e+06
4 3 -4.2691844273854e-09
5 3 -3.9047634041323e+06
55 3  8.8978202331994e-10
56 3  1.9523816875389e+06
58 3 -4.4444444444445e+05
59 3 -9.7619084646746e+05
2 4  1.7986538962379e+05
3 4 -4.2691844273854e-09
4 4  8.0192248869247e+04
5 4  1.8902306778189e-09
6 4  1.4090311236065e+05
7 4  2.5357387117338e-09
8 4  3.5225799886350e+04
9 4  2.9267022040926e-05
55 4 -8.9932724075409e+04
56 4 -8.3882303068094e-10
58 4 -4.0096066088926e+04
59 4  7.4505805969238e-09
61 4 -7.0451593546684e+04
62 4  9.0810237006996e-10
64 4 -1.7612895265856e+04
65 4 -1.1111111112575e+05
2 5  1.1707519986208e-04
3 5 -3.9047634041323e+06
4 5  1.8902306778189e-09
5 5  7.7781061822051e+06
6 5 -1.1707801074758e-04
7 5 -4.9845007977784e+06
8 5 -2.9269310510307e-05
9 5  6.2306259940523e+05
55 5  4.4444444438590e+05
56 5 -9.7619084646744e+05
58 5  1.8626451492310e-09
59 5  1.9445265317929e+06
61 5 -4.4444444438591e+05
62 5 -1.2461251932173e+06
64 5  1.1111111112574e+05
65 5  1.5576564940300e+05
4 6  1.4090311236065e+05
5 6 -1.1707801074758e-04
6 6  5.6361281170830e+05
7 6  3.2245977114400e-09
8 6  1.4090311236064e+05
9 6  1.1707423781448e-04
58 6 -7.0451593546683e+04
59 6  4.4444444450299e+05
61 6 -2.8180633101705e+05
62 6  1.9028201955518e-09
64 6 -7.0451593546676e+04
65 6 -4.4444444450299e+05
4 7  2.5357387117338e-09
5 7 -4.9845007977784e+06
6 7  3.2245977114400e-09
7 7  9.9690016040111e+06
8 7 -5.3908668181962e-10
9 7 -4.9845007977785e+06
58 7  4.4444444444444e+05
59 7 -1.2461251932174e+06
61 7 -7.6914219478345e-09
62 7  2.4922503822077e+06
64 7 -4.4444444444444e+05
65 7 -1.2461251932174e+06
4 8  3.5225799886350e+04
5 8 -2.9269310510307e-05
6 8  1.4090311236064e+05
7 8 -5.3908668181962e-10
8 8  6.2821133085912e+04
9 8  1.7588099269095e-09
10 8  1.1038079667456e+05
11 8 -2.3655218091315e-09
12 8  2.7595227304543e+04
13 8  2.9270227835794e-05
58 8 -1.7612895265856e+04
59 8  1.1111111112574e+05
61 8 -7.0451593546676e+04
62 8  1.3939602130193e-10
64 8 -3.1410492068505e+04
65 8  2.0954757928848e-08
67 8 -5.5190446044689e+04
68 8  2.6495469551084e-12
70 8 -1.3797607683736e+04
71 8 -1.1111111112576e+05
4 9  2.9267022040926e-05
5 9  6.2306259940523e+05
6 9  1.1707423781448e-04
7 9 -4.9845007977785e+06
8 9  1.7588099269095e-09
9 9  9.9288926039609e+06
10 9 -1.1706936164410e-04
11 9 -6.3628050303659e+06
12 9 -2.9270222884291e-05
13 9  7.9535062854748e+05
58 9 -1.1111111112574e+05
59 9  1.5576564940300e+05
61 9  4.4444444438592e+05
62 9 -1.2461251932174e+06
65 9  2.4822231348512e+06
67 9 -4.4444444438590e+05
68 9 -1.5907012493296e+06
70 9  1.1111111112574e+05
71 9  1.9883765640825e+05
8 10  1.1038079667456e+05
9 10 -1.1706936164410e-04
10 10  4.4152364746930e+05
11 10 -1.3387157223280e-08
12 10  1.1038079667452e+05
13 10  1.1708238324441e-04
64 10 -5.5190446044690e+04
65 10  4.4444444450299e+05
67 10 -2.2076172823805e+05
68 10 -9.7066930935302e-10
70 10 -5.5190446044677e+04
71 10 -4.4444444450299e+05
8 11 -2.3655218091315e-09
9 11 -6.3628050303659e+06
10 11 -1.3387157223280e-08
11 11  1.2725610067356e+07
12 11  1.1862856892857e-08
13 11 -6.3628050303667e+06
64 11  4.4444444444446e+05
65 11 -1.5907012493297e+06
67 11 -3.2790942085343e-09
68 11  3.1814024953480e+06
70 11 -4.4444444444445e+05
71 11 -1.5907012493299e+06
8 12  2.7595227304543e+04
9 12 -2.9270222884291e-05
10 12  1.1038079667452e+05
11 12  1.1862856892857e-08
12 12  4.9212943291743e+04
13 12 -1.1754727416696e-08
14 12  8.6470185739875e+04
15 12 -1.0968654788958e-09
16 12  2.1617582522739e+04
17 12  2.9271668566449e-05
64 12 -1.3797607683734e+04
65 12  1.1111111112572e+05
67 12 -5.5190446044670e+04
68 12  3.5597442242089e-09
70 12 -2.4606376581722e+04
71 12  3.7611881271005e-04
73 12 -4.3235153776023e+04
74 12  4.5645938538676e-11
76 12 -1.0808783644106e+04
77 12 -1.1111111150184e+05
8 13  2.9270227835794e-05
9 13  7.9535062854748e+05
10 13  1.1708238324441e-04
11 13 -6.3628050303667e+06
12 13 -1.1754727416696e-08
13 13  1.2674410176550e+07
14 13 -1.1707163797811e-04
15 13 -8.1222351694877e+06
16 13 -2.9266187062725e-05
17 13  1.0152793977096e+06
64 13 -1.1111111112575e+05
65 13  1.9883765640825e+05
67 13  4.4444444438590e+05
68 13 -1.5907012493298e+06
70 13 -2.0054914057255e-04
71 13  3.1686025246510e+06
73 13 -4.4444444398477e+05
74 13 -2.0305587815806e+06
76 13  1.1111111092517e+05
77 13  2.5381984837483e+05
12 14  8.6470185739875e+04
13 14 -1.1707163797811e-04
14 14  3.4588132866494e+05
15 14  1.2492634828875e-09
16 14  8.6470185154496e+04
17 14  1.1707258205616e-04
70 14 -4.3235153776021e+04
71 14  4.4444444450298e+05
73 14 -1.7294054245624e+05
74 14  1.5917651001376e-09
76 14 -4.3235153483339e+04
77 14 -4.4444444450298e+05
12 15 -1.0968654788958e-09
13 15 -8.1222351694877e+06
14 15  1.2492634828875e-09
15 15  1.6244470371656e+07
16 15 -6.8901664874658e-09
17 15 -8.1222351969798e+06
70 15  4.4444444484558e+05
71 15 -2.0305587815806e+06
73 15 -8.0226441692476e-04
74 15  4.0611175674401e+06
76 15 -4.4444444404332e+05
77 15 -2.0305587884536e+06
12 16  2.1617582522739e+04
13 16 -2.9266187062725e-05
14 16  8.6470185154496e+04
15 16 -6.8901664874658e-09
16 16  3.8552561156966e+04
17 16 -8.3815473550346e-11
18 16  6.7739055099549e+04
19 16  1.3028659563075e-08
20 16  1.6934810200036e+04
21 16  2.9260452247430e-05
70 16 -1.0808783644104e+04
71 16  1.1111111074965e+05
73 16 -4.3235153483334e+04
74 16 -1.4026793164845e-09
76 16 -1.9276159230378e+04
77 16 -1.0397052392363e-04
79 16 -3.3869605302755e+04
80 16  3.0286918168073e-09
82 16 -8.4673953777603e+03
83 16 -1.1111111064569e+05
12 17  2.9271668566449e-05
13 17  1.0152793977096e+06
14 17  1.1707258205616e-04
15 17 -8.1222351969798e+06
16 17 -8.3815473550346e-11
17 17  1.6179112870474e+07
18 17 -1.1706825508929e-04
19 17 -1.0368179503930e+07
20 17 -2.9266264411968e-05
21 17  1.2960224350390e+06
70 17 -1.1111111132632e+05
71 17  2.5381984837484e+05
73 17  4.4444444478704e+05
74 17 -2.0305587884536e+06
76 17  5.5510550737381e-05
77 17  4.0447781936173e+06
79 17 -4.4444444489802e+05
80 17 -2.5920448620152e+06
82 17  1.1111111138179e+05
83 17  3.2400560732020e+05
16 18  6.7739055099549e+04
17 18 -1.1706825508929e-04
18 18  2.7095696970354e+05
19 18 -1.4509786053799e-09
20 18  6.7739055684892e+04
21 18  1.1706879217559e-04
76 18 -3.3869605302754e+04
77 18  4.4444444450299e+05
79 18 -1.3547832929562e+05
80 18 -1.2766369577526e-09
82 18 -3.3869605595432e+04
83 18 -4.4444444450299e+05
16 19  1.3028659563075e-08
17 19 -1.0368179503930e+07
18 19 -1.4509786053799e-09
19 19  2.0736358967127e+07
20 19 -1.9550428262889e-08
21 19 -1.0368179459133e+07
76 19  4.4444444393233e+05
77 19 -2.5920448620152e+06
79 19  1.0242409406550e-03
80 19  5.1840897107989e+06
82 19 -4.4444444495656e+05
83 19 -2.5920448508160e+06
16 20  1.6934810200036e+04
17 20 -2.9266264411968e-05
18 20  6.7739055684892e+04
19 20 -1.9550428262889e-08
20 20  4.4457911610072e+04
21 20  1.9790049654686e-08
22 20  1.1009167861834e+05
23 20 -2.0520991211399e-09
24 20  2.7522947866985e+04
25 20  2.9267802722005e-05
76 20 -8.4673953777583e+03
77 20  1.1111111160581e+05
79 20 -3.3869605595425e+04
80 20 -5.1160801456803e-09
82 20 -2.2228845892806e+04
83 20 -4.8004323616624e-04
85 20 -5.5045887141936e+04
86 20 -2.3885708859454e-10
88 20 -1.3761467949298e+04
89 20 -1.1111111112576e+05
16 21  2.9260452247430e-05
17 21  1.2960224350390e+06
18 21  1.1706879217559e-04
19 21 -1.0368179459133e+07
20 21  1.9790049654686e-08
21 21  1.4654232418826e+07
22 21 -1.1707499140345e-04
23 21 -6.3795147335054e+06
24 21 -2.9269178282810e-05
25 21  7.9743934144046e+05
76 21 -1.1111111086969e+05
77 21  3.2400560732015e+05
79 21  4.4444444387378e+05
80 21 -2.5920448508159e+06
82 21  2.5607086718082e-04
83 21  3.6635580826239e+06
85 21 -4.4444444438591e+05
86 21 -1.5948786750902e+06
88 21  1.1111111112575e+05
89 21  1.9935983462830e+05
20 22  1.1009167861834e+05
21 22 -1.1707499140345e-04
22 22  4.4036717644055e+05
23 22  6.5492703528402e-09
24 22  1.1009167861831e+05
25 22  1.1706825935464e-04
82 22 -5.5045887141936e+04
83 22  4.4444444450298e+05
85 22 -2.2018349247319e+05
86 22  2.7339883567938e-09
88 22 -5.5045887141920e+04
89 22 -4.4444444450299e+05
20 23 -2.0520991211399e-09
21 23 -6.3795147335054e+06
22 23  6.5492703528402e-09
23 23  1.2759029473617e+07
24 23 -8.2011269700591e-09
25 23 -6.3795147335060e+06
82 23  4.4444444444444e+05
83 23 -1.5948786750902e+06
85 23  2.8664344548802e-09
86 23  3.1897573468778e+06
88 23 -4.4444444444444e+05
89 23 -1.5948786750904e+06
20 24  2.7522947866985e+04
21 24 -2.9269178282810e-05
22 24  1.1009167861831e+05
23 24 -8.2011269700591e-09
24 24  6.8421983773783e+04
25 24  1.0394475473277e-08
38 24  1.6359566836834e+05
39 24 -2.1001520331607e-09
41 24  4.0898935601660e+04
42 24  2.9269542032493e-05
82 24 -1.3761467949300e+04
83 24  1.1111111112574e+05
85 24 -5.5045887141924e+04
86 24 -1.7761140515836e-09
88 24 -3.4210921839440e+04
89 24  1.9880337640643e-04
91 24 -8.1797866362183e+04
92 24  6.8991991802547e-11
94 24 -2.0449463771002e+04
95 24 -1.1111111132454e+05
20 25  2.9267802722005e-05
21 25  7.9743934144046e+05
22 25  1.1706825935464e-04
23 25 -6.3795147335060e+06
24 25  1.0394475473277e-08
25 25  9.3385335619174e+06
38 25 -1.1707570168794e-04
39 25 -4.2930950466954e+06
41 25 -2.9270663324948e-05
42 25  5.3663688094884e+05
82 25 -1.1111111112574e+05
83 25  1.9935983462827e+05
85 25  4.4444444438591e+05
86 25 -1.5948786750903e+06
88 25 -1.0601617395878e-04
89 25  2.3346333749638e+06
91 25 -4.4444444417389e+05
92 25 -1.0732737565005e+06
94 25  1.1111111101973e+05
95 25  1.3415921994613e+05
1 26 -6.6378053147369e-02
26 26  1.4840439917469e-01
27 26 -6.6378053147369e-02
54 26 -9.2752749524199e-03
57 26  1.0726403466795e-02
60 26 -9.2752749524199e-03
1 27  7.7104456604229e-03
26 27 -6.6378053147369e-02
27 27  1.4092041963644e-01
28 27 -8.5504455264727e-02
29 27  1.0228360311629e-02
54 27  1.4528148604791e-03
57 27 -9.2752749524192e-03
60 27  1.4126693865400e-02
63 27 -1.1454217907396e-02
66 27  1.6616255365986e-03
27 28 -8.5504455264727e-02
28 28  1.8326748643510e-01
29 28 -8.5504455264728e-02
60 28 -1.1454217907397e-02
63 28  1.6779147863486e-02
66 28 -1.1454217907397e-02
27 29  1.0228360311629e-02
28 29 -8.5504455264728e-02
29 29  1.7713507154360e-01
30 29 -1.0975249262176e-01
31 29  1.3358943981626e-02
60 29  1.6616255365986e-03
63 29 -1.1454217907397e-02
66 29  1.9409169978970e-02
69 29 -1.4319257577925e-02
72 29  1.9699659952433e-03
29 30 -1.0975249262176e-01
30 30  2.2910812113936e-01
31 30 -1.0975249262177e-01
66 30 -1.4319257577926e-02
69 30  2.3836947209122e-02
72 30 -1.4319257577928e-02
29 31  1.3358943981626e-02
30 31 -1.0975249262177e-01
31 31  2.2395994448112e-01
32 31 -1.4057459880281e-01
33 31  1.7289715584252e-02
66 31  1.9699659952432e-03
69 31 -1.4319257577927e-02
72 31  2.5854236763763e-02
75 31 -1.8042007021098e-02
78 31  2.3963055293375e-03
31 32 -1.4057459880281e-01
32 32  2.8867211265745e-01
33 32 -1.4057459928626e-01
72 32 -1.8042007021099e-02
75 32  3.2322556816185e-02
78 32 -1.8042007078348e-02
31 33  1.7289715584252e-02
32 33 -1.4057459928626e-01
33 33  2.8419980516352e-01
34 33 -1.7981699035231e-01
35 33  2.2256124672199e-02
72 33  2.3963055293374e-03
75 33 -1.8042007078347e-02
78 33  3.3847947770859e-02
81 33 -2.2845455591520e-02
84 33  2.9661814793852e-03
33 34 -1.7981699035231e-01
34 34  3.6552728852820e-01
35 34 -1.7981698956774e-01
78 34 -2.2845455591521e-02
81 34  4.2744256784812e-02
84 34 -2.2845455496635e-02
33 35  2.2256124672199e-02
34 35 -1.7981698956774e-01
35 35  2.5807789924459e-01
36 35 -1.1004575677819e-01
37 35  1.3396545248179e-02
78 35  2.9661814793851e-03
81 35 -2.2845455496633e-02
84 35  3.0325826012976e-02
87 35 -1.4354343519167e-02
90 35  1.9738801143992e-03
35 36 -1.1004575677819e-01
36 36  2.2966949619893e-01
37 36 -1.1004575677820e-01
84 36 -1.4354343519168e-02
87 36  2.3919695718249e-02
90 36 -1.4354343519169e-02
35 37  1.3396545248179e-02
36 37 -1.1004575677820e-01
37 37  1.6725264400650e-01
40 37 -7.3276570178720e-02
43 37  8.6258402490414e-03
84 37  1.9738801143992e-03
87 37 -1.4354343519168e-02
90 37  1.7930229238830e-02
93 37 -1.0049122998315e-02
96 37  1.5230058915930e-03
24 38  1.6359566836834e+05
25 38 -1.1707570168794e-04
38 38  6.5438298533169e+05
39 38  2.1926433899386e-09
41 38  1.6359566778296e+05
42 38  1.1707551960762e-04
88 38 -8.1797866362176e+04
89 38  4.4444444450298e+05
91 38 -3.2719142818863e+05
92 38  2.9242808449123e-09
94 38 -8.1797866069485e+04
95 38 -4.4444444450298e+05
24 39 -2.1001520331607e-09
25 39 -4.2930950466954e+06
38 39  2.1926433899386e-09
39 39  8.5861901108872e+06
41 39  4.5206301719043e-09
42 39 -4.2930950543760e+06
88 39  4.4444444465646e+05
89 39 -1.0732737565005e+06
91 39 -4.2405329296359e-04
92 39  2.1465475100132e+06
94 39 -4.4444444423241e+05
95 39 -1.0732737584206e+06
37 40 -7.3276570178720e-02
40 40  1.6078596801535e-01
43 40 -7.3276570317452e-02
90 40 -1.0049122998316e-02
93 40  1.2981832252960e-02
96 40 -1.0049123012475e-02
24 41  4.0898935601660e+04
25 41 -2.9270663324948e-05
38 41  1.6359566778296e+05
39 41  4.5206301719043e-09
41 41  1.0167458568336e+05
42 41  1.8010917019959e-09
44 41  2.4310227032662e+05
45 41 -4.2702798771429e-09
47 41  6.0775579488360e+04
48 41  2.9269205912950e-05
88 41 -2.0449463771003e+04
89 41  1.1111111092696e+05
91 41 -8.1797866069495e+04
92 41  1.7241875417607e-09
94 41 -5.0837245696374e+04
95 41  1.9879546016455e-04
97 41 -1.2155115680108e+05
98 41 -1.6615999692828e-09
100 41 -3.0387787028206e+04
101 41 -1.1111111112576e+05
24 42  2.9269542032493e-05
25 42  5.3663688094884e+05
38 42  1.1707551960762e-04
39 42 -4.2930950543760e+06
41 42  1.8010917019959e-09
42 42  6.2843670666490e+06
44 42 -1.1707252057063e-04
45 42 -2.8890387275137e+06
47 42 -2.9268241529054e-05
48 42  3.6112984039221e+05
88 42 -1.1111111123175e+05
89 42  1.3415921994612e+05
91 42  4.4444444459794e+05
92 42 -1.0732737584206e+06
94 42 -1.0602176189423e-04
95 42  1.5710917542184e+06
97 42 -4.4444444438591e+05
98 42 -7.2225967899553e+05
100 42  1.1111111112575e+05
101 42  9.0282460201443e+04
37 43  8.6258402490414e-03
40 43 -7.3276570317452e-02
43 43  1.1642453114415e-01
46 43 -4.8154283240120e-02
49 43  5.2261641397273e-03
90 43  1.5230058915930e-03
93 43 -1.0049123012474e-02
96 43  1.0130225412175e-02
99 43 -7.3411541833366e-03
102 43  1.3142049054630e-03
41 44  2.4310227032662e+05
42 44 -1.1707252057063e-04
44 44  9.7240929515163e+05
45 44 -4.6058426373574e-09
47 44  2.4310227032656e+05
48 44  1.1707749197019e-04
94 44 -1.2155115680108e+05
95 44  4.4444444450299e+05
97 44 -4.8620460412016e+05
98 44 -3.5275806577872e-09
100 44 -1.2155115680107e+05
101 44 -4.4444444450299e+05
41 45 -4.2702798771429e-09
42 45 -2.8890387275137e+06
44 45 -4.6058426373574e-09
45 45  5.7780774696137e+06
47 45 -1.5970062618828e-09
48 45 -2.8890387275138e+06
94 45  4.4444444444444e+05
95 45 -7.2225967899556e+05
97 45  3.3083922782362e-08
98 45  1.4445193506980e+06
100 45 -4.4444444444446e+05
101 45 -7.2225967899558e+05
43 46 -4.8154283240120e-02
46 46  1.1745846688791e-01
49 46 -4.8154283240121e-02
96 46 -7.3411541833369e-03
99 46  4.1073581654501e-03
102 46 -7.3411541833374e-03
41 47  6.0775579488360e+04
42 47 -2.9268241529054e-05
44 47  2.4310227032656e+05
45 47 -1.5970062618828e-09
47 47  1.5108779240987e+05
48 47 -2.6127014505877e-11
50 47  3.6124861322912e+05
51 47  2.7642756136447e-09
94 47 -3.0387787028202e+04
95 47  1.1111111112573e+05
97 47 -1.2155115680105e+05
98 47 -9.9328156513757e-10
100 47 -7.5543864468289e+04
101 47 -9.0001616626978e-05
103 47 -1.8062432115130e+05
104 47  9.6523659530865e-10
41 48  2.9269205912950e-05
42 48  3.6112984039221e+05
44 48  1.1707749197019e-04
45 48 -2.8890387275138e+06
47 48 -2.6127014505877e-11
48 48  4.2290654256686e+06
50 48 -1.1707262838215e-04
51 48 -1.9441788897948e+06
94 48 -1.1111111112574e+05
95 48  9.0282460201441e+04
97 48  4.4444444438588e+05
98 48 -7.2225967899556e+05
100 48  4.8033893108368e-05
101 48  1.0572663450671e+06
103 48 -4.4444444448195e+05
104 48 -4.8604472139811e+05
43 49  5.2261641397273e-03
46 49 -4.8154283240121e-02
49 49  8.4101443718639e-02
52 49 -3.0685849194992e-02
53 49  2.6571574766843e-03
96 49  1.3142049054629e-03
99 49 -7.3411541833367e-03
102 49  3.9403640199064e-03
105 49 -5.8000206005797e-03
106 49  1.3142894102010e-03
47 50  3.6124861322912e+05
48 50 -1.1707262838215e-04
50 50  1.4449946027380e+06
51 50 -2.1354156169630e-09
100 50 -1.8062432115129e+05
101 50  4.4444444450298e+05
103 50 -7.2249727202791e+05
104 50  5.6281686260867e-10
47 51  2.7642756136447e-09
48 51 -1.9441788897948e+06
50 51 -2.1354156169630e-09
51 51  3.8883577996894e+06
100 51  4.4444444434841e+05
101 51 -4.8604472139812e+05
103 51  1.9207207288378e-04
104 51  9.7208943156498e+05
49 52 -3.0685849194992e-02
52 52  9.2800329575029e-02
53 52 -3.0685849162490e-02
102 52 -5.8000206005797e-03
105 52 -4.1142744046129e-03
106 52 -5.8000205997003e-03
49 53  2.6571574766843e-03
52 53 -3.0685849162490e-02
53 53  3.5885849496558e-02
102 53  1.3142894102009e-03
105 53 -5.8000205996998e-03
106 53  5.5715228509294e-04
1 54  5.8664234824293e-03
26 54 -9.2752749524199e-03
27 54  1.4528148604791e-03
54 54  2.9016928212348e-02
57 54 -2.7851743251382e-02
60 54  2.8753827498070e-03
107 54  3.3315802039192e-03
110 54 -7.3058268831846e-03
113 54  1.3124916193808e-03
160 54 -2.4643166218494e-03
163 54  3.2536501846619e-03
166 54 -4.5661418043882e-04
2 55 -3.5973086331716e+05
3 55  8.8978202331994e-10
4 55 -8.9932724075409e+04
5 55  4.4444444438590e+05
55 55  7.4309296188863e+05
56 55 -1.0781911346067e-09
58 55  1.8577320887341e+05
59 55  6.9098547101021e-05
108 55 -4.8951816919862e+05
109 55 -4.7352112865853e-09
111 55 -1.2237954802171e+05
112 55 -4.4444444452411e+05
161 55  6.1189767901092e+04
162 55 -9.3507971963550e-10
164 55  1.5297445111657e+04
165 55  1.1111111115094e+05
2 56  8.6003771451115e-10
3 56  1.9523816875389e+06
4 56 -8.3882303068094e-10
5 56 -9.7619084646744e+05
55 56 -1.0781911346067e-09
56 56  8.4678080633534e+05
58 56 -1.2954836711288e-04
59 56 -4.2339039759448e+05
108 56  1.3490853269857e-09
109 56  1.4347413496838e+06
111 56 -2.6491864429931e-10
112 56 -7.1737067851328e+05
161 56  3.0109498794731e-10
162 56  3.5868533340850e+05
164 56 -1.1111111103644e+05
165 56 -1.7934266624533e+05
1 57 -9.2752749524194e-03
26 57  1.0726403466795e-02
27 57 -9.2752749524192e-03
54 57 -2.7851743251382e-02
57 57  7.1865757345856e-02
60 57 -2.7851743251382e-02
107 57 -7.3058268831846e-03
110 57  3.9646335268291e-03
113 57 -7.3058268831845e-03
160 57  3.2536501846621e-03
163 57 -5.1764228398289e-03
166 57  3.2536501846621e-03
2 58 -8.9932724075411e+04
3 58 -4.4444444444445e+05
4 58 -4.0096066088926e+04
5 58  1.8626451492310e-09
6 58 -7.0451593546683e+04
7 58  4.4444444444444e+05
8 58 -1.7612895265856e+04
9 58 -1.1111111112574e+05
55 58  1.8577320887341e+05
56 58 -1.2954836711288e-04
58 58  1.8931687425669e+05
59 58 -9.3132257461548e-10
61 58  1.4553119901671e+05
62 58  1.2954790145159e-04
64 58 -1.0395084623742e+04
65 58 -4.7498149797320e-05
108 58 -1.2237954802171e+05
109 58  4.4444444444445e+05
111 58 -5.4562333117468e+04
112 58  1.8626451492310e-09
114 58 -9.5869819375576e+04
115 58 -4.4444444444445e+05
117 58 -2.3967452352072e+04
118 58  1.1111111109120e+05
161 58  1.5297445111656e+04
162 58  1.1111111118579e+05
164 58 -5.4562343013485e+04
165 58 -3.0267983675003e-09
167 58  1.1983729478328e+04
168 58 -1.1111111118579e+05
170 58  2.9959316268685e+04
171 58  8.3333333380630e+04
2 59 -4.4444444450298e+05
3 59 -9.7619084646746e+05
4 59  7.4505805969238e-09
5 59  1.9445265317929e+06
6 59  4.4444444450299e+05
7 59 -1.2461251932174e+06
8 59  1.1111111112574e+05
9 59  1.5576564940300e+05
55 59  6.9098547101021e-05
56 59 -4.2339039759448e+05
58 59 -9.3132257461548e-10
59 59  1.9277116849709e+06
61 59 -6.9105997681618e-05
62 59 -5.4046546693943e+05
64 59  4.7497684136033e-05
65 59 -5.4046543906409e+05
108 59  4.4444444436479e+05
109 59 -7.1737067851329e+05
111 59 -2.7939677238464e-09
112 59  1.4289688548027e+06
114 59 -4.4444444436478e+05
115 59 -9.1573658823286e+05
117 59 -1.1111111109119e+05
118 59  1.1446707365251e+05
161 59 -1.1111111107128e+05
162 59 -1.7934266624533e+05
164 59  1.7462298274040e-09
165 59 -1.0206920750550e+05
167 59  1.1111111107128e+05
168 59 -2.2893414287555e+05
170 59  8.3333333286037e+04
171 59  2.8616768173898e+05
1 60  1.4528148604791e-03
26 60 -9.2752749524199e-03
27 60  1.4126693865400e-02
28 60 -1.1454217907397e-02
29 60  1.6616255365986e-03
54 60  2.8753827498070e-03
57 60 -2.7851743251382e-02
60 60  6.4463516921342e-02
63 60 -3.6350273104624e-02
66 60  4.0689885194980e-03
107 60  1.3124916193809e-03
110 60 -7.3058268831845e-03
113 60  8.6344901841135e-03
116 60 -8.8009756405815e-03
119 60  1.4128972209834e-03
160 60 -4.5661418043882e-04
163 60  3.2536501846619e-03
166 60 -5.7413221461802e-03
169 60  4.0877125570221e-03
172 60 -5.5006097785348e-04
4 61 -7.0451593546684e+04
5 61 -4.4444444438591e+05
6 61 -2.8180633101705e+05
7 61 -7.6914219478345e-09
8 61 -7.0451593546676e+04
9 61  4.4444444438592e+05
58 61  1.4553119901671e+05
59 61 -6.9105997681618e-05
61 61  5.8212495521362e+05
62 61 -1.4473109855550e-09
64 61  1.4553119901670e+05
65 61  6.9107860326767e-05
111 61 -9.5869819375576e+04
112 61  4.4444444452410e+05
114 61 -3.8347924683665e+05
115 61  3.3607958219421e-09
117 61 -9.5869819375569e+04
118 61 -4.4444444452410e+05
164 61  1.1983729478328e+04
165 61 -1.1111111115094e+05
167 61  4.7934901717657e+04
168 61  3.4275275088315e-10
170 61  1.1983729478325e+04
171 61  1.1111111115094e+05
4 62  9.0810237006996e-10
5 62 -1.2461251932173e+06
6 62  1.9028201955518e-09
7 62  2.4922503822077e+06
8 62  1.3939602130193e-10
9 62 -1.2461251932174e+06
58 62  1.2954790145159e-04
59 62 -5.4046546693943e+05
61 62 -1.4473109855550e-09
62 62  1.0809309426108e+06
64 62 -1.2954743579030e-04
65 62 -5.4046546693946e+05
111 62 -3.4436051757138e-10
112 62 -9.1573658823286e+05
114 62 -1.5696186572534e-09
115 62  1.8314731707135e+06
117 62 -7.2871369150722e-10
118 62 -9.1573658823288e+05
164 62  1.1111111103644e+05
165 62 -2.2893414287555e+05
167 62 -9.6923212926326e-10
168 62  4.5786828647013e+05
170 62 -1.1111111103644e+05
171 62 -2.2893414287556e+05
27 63 -1.1454217907396e-02
28 63  1.6779147863486e-02
29 63 -1.1454217907397e-02
60 63 -3.6350273104624e-02
63 63  8.5361762704720e-02
66 63 -3.6350273104626e-02
113 63 -8.8009756405816e-03
116 63  9.2612775235464e-03
119 63 -8.8009756405818e-03
166 63  4.0877125570224e-03
169 63 -7.1328408946930e-03
172 63  4.0877125570225e-03
4 64 -1.7612895265856e+04
5 64  1.1111111112574e+05
6 64 -7.0451593546676e+04
7 64 -4.4444444444444e+05
8 64 -3.1410492068505e+04
10 64 -5.5190446044690e+04
11 64  4.4444444444446e+05
12 64 -1.3797607683734e+04
13 64 -1.1111111112575e+05
58 64 -1.0395084623742e+04
59 64  4.7497684136033e-05
61 64  1.4553119901670e+05
62 64 -1.2954743579030e-04
64 64  1.4830726919107e+05
65 64 -1.8626451492310e-09
67 64  1.1400636869838e+05
68 64  1.2955162674189e-04
70 64 -8.1433105652472e+03
71 64 -4.7500478103757e-05
111 64 -2.3967452352071e+04
112 64 -1.1111111109120e+05
114 64 -9.5869819375567e+04
115 64  4.4444444444445e+05
117 64 -4.2743092856552e+04
118 64 -3.7252902984619e-09
120 64 -7.5102601156445e+04
121 64 -4.4444444444444e+05
123 64 -1.8775647320998e+04
124 64  1.1111111109120e+05
164 64  2.9959316268685e+04
165 64 -8.3333333380625e+04
167 64  1.1983729478324e+04
168 64  1.1111111118579e+05
170 64 -4.2743106950999e+04
171 64 -9.7788870334625e-09
173 64  9.3878277715481e+03
174 64 -1.1111111118579e+05
176 64  2.3469560054372e+04
177 64  8.3333333380635e+04
4 65 -1.1111111112575e+05
5 65  1.5576564940300e+05
6 65 -4.4444444450299e+05
7 65 -1.2461251932174e+06
8 65  2.0954757928848e-08
9 65  2.4822231348512e+06
10 65  4.4444444450299e+05
11 65 -1.5907012493297e+06
12 65  1.1111111112572e+05
13 65  1.9883765640825e+05
58 65 -4.7498149797320e-05
59 65 -5.4046543906409e+05
61 65  6.9107860326767e-05
62 65 -5.4046546693946e+05
64 65 -1.8626451492310e-09
65 65  2.4607586771798e+06
67 65 -6.9107860326767e-05
68 65 -6.8991390175622e+05
70 65  4.7500594519079e-05
71 65 -6.8991386552695e+05
111 65  1.1111111109120e+05
112 65  1.1446707365250e+05
114 65  4.4444444436478e+05
115 65 -9.1573658823289e+05
117 65 -1.9557774066925e-08
118 65  1.8241044766088e+06
120 65 -4.4444444436479e+05
121 65 -1.1689542453076e+06
123 65 -1.1111111109117e+05
124 65  1.4611928071460e+05
164 65 -8.3333333286042e+04
165 65  2.8616768173898e+05
167 65 -1.1111111107128e+05
168 65 -2.2893414287556e+05
170 65  8.3819031715393e-09
171 65 -1.3029318155384e+05
173 65  1.1111111107128e+05
174 65 -2.9223855609404e+05
176 65  8.3333333286033e+04
177 65  3.6529819910504e+05
27 66  1.6616255365986e-03
28 66 -1.1454217907397e-02
29 66  1.9409169978970e-02
30 66 -1.4319257577926e-02
31 66  1.9699659952432e-03
60 66  4.0689885194980e-03
63 66 -3.6350273104626e-02
66 66  7.9446054730516e-02
69 66 -4.7026149615145e-02
72 66  5.5063228182066e-03
113 66  1.4128972209834e-03
116 66 -8.8009756405817e-03
119 66  1.2894788985535e-02
122 66 -1.0823294434358e-02
125 66  1.5979340162154e-03
166 66 -5.5006097785348e-04
169 66  4.0877125570223e-03
172 66 -7.5629894538868e-03
175 66  5.1666250086483e-03
178 66 -6.7645590256089e-04
8 67 -5.5190446044689e+04
9 67 -4.4444444438590e+05
10 67 -2.2076172823805e+05
11 67 -3.2790942085343e-09
12 67 -5.5190446044670e+04
13 67  4.4444444438590e+05
64 67  1.1400636869838e+05
65 67 -6.9107860326767e-05
67 67  4.5602567622482e+05
68 67 -4.2336091850446e-09
70 67  1.1400636869836e+05
71 67  6.9109722971916e-05
117 67 -7.5102601156444e+04
118 67  4.4444444452410e+05
120 67 -3.0041036434585e+05
121 67 -1.3101284363182e-08
123 67 -7.5102601156416e+04
124 67 -4.4444444452408e+05
170 67  9.3878277715479e+03
171 67 -1.1111111115094e+05
173 67  3.7551290270318e+04
174 67 -3.2131403169608e-09
176 67  9.3878277715452e+03
177 67  1.1111111115094e+05
8 68  2.6495469551084e-12
9 68 -1.5907012493296e+06
10 68 -9.7066930935302e-10
11 68  3.1814024953480e+06
12 68  3.5597442242089e-09
13 68 -1.5907012493298e+06
64 68  1.2955162674189e-04
65 68 -6.8991390175622e+05
67 68 -4.2336091850446e-09
68 68  1.3798278103529e+06
70 68 -1.2955022975802e-04
71 68 -6.8991390175632e+05
117 68 -4.0908316633448e-18
118 68 -1.1689542453076e+06
120 68 -1.7172181344147e-09
121 68  2.3379084861092e+06
123 68  2.4531687359825e-09
124 68 -1.1689542453078e+06
170 68  1.1111111103644e+05
171 68 -2.9223855609404e+05
173 68 -1.0884205370341e-09
174 68  5.8447711275138e+05
176 68 -1.1111111103644e+05
177 68 -2.9223855609408e+05
29 69 -1.4319257577925e-02
30 69  2.3836947209122e-02
31 69 -1.4319257577927e-02
66 69 -4.7026149615145e-02
69 69  1.0397085612862e-01
72 69 -4.7026149615153e-02
119 69 -1.0823294434358e-02
122 69  1.5112663217504e-02
125 69 -1.0823294434359e-02
172 69  5.1666250086486e-03
175 69 -9.5165093111706e-03
178 69  5.1666250086493e-03
8 70 -1.3797607683736e+04
9 70  1.1111111112574e+05
10 70 -5.5190446044677e+04
11 70 -4.4444444444445e+05
12 70 -2.4606376581722e+04
13 70 -2.0054914057255e-04
14 70 -4.3235153776021e+04
15 70  4.4444444484558e+05
16 70 -1.0808783644104e+04
17 70 -1.1111111132632e+05
64 70 -8.1433105652472e+03
65 70  4.7500594519079e-05
67 70  1.1400636869836e+05
68 70 -1.2955022975802e-04
70 70  1.1618112803731e+05
71 70 -1.8626451492310e-09
73 70  8.9310411396033e+04
74 70  1.2954790145159e-04
76 70 -6.3793130439329e+03
77 70 -4.7498499043286e-05
117 70 -1.8775647321001e+04
118 70 -1.1111111109119e+05
120 70 -7.5102601156432e+04
121 70  4.4444444444445e+05
123 70 -3.3484123113959e+04
124 70  2.0055472850800e-04
126 70 -5.8833957325868e+04
127 70 -4.4444444484559e+05
129 70 -1.4708485659498e+04
130 70  1.1111111129177e+05
170 70  2.3469560054372e+04
171 70 -8.3333333380622e+04
173 70  9.3878277715446e+03
174 70  1.1111111118579e+05
176 70 -3.3484142168942e+04
177 70 -1.3791094534099e-04
179 70  7.3542480505622e+03
180 70 -1.1111111128607e+05
182 70  1.8385608106118e+04
183 70  8.3333333618817e+04
8 71 -1.1111111112576e+05
9 71  1.9883765640825e+05
10 71 -4.4444444450299e+05
11 71 -1.5907012493299e+06
12 71  3.7611881271005e-04
13 71  3.1686025246510e+06
14 71  4.4444444450298e+05
15 71 -2.0305587815806e+06
16 71  1.1111111074965e+05
17 71  2.5381984837484e+05
64 71 -4.7500478103757e-05
65 71 -6.8991386552695e+05
67 71  6.9109722971916e-05
68 71 -6.8991390175632e+05
70 71 -1.8626451492310e-09
71 71  3.1412027576042e+06
73 71 -6.9107860326767e-05
74 71 -8.8068751626698e+05
76 71  4.7496403567493e-05
77 71 -8.8068747100412e+05
117 71  1.1111111109121e+05
118 71  1.4611928071460e+05
120 71  4.4444444436479e+05
121 71 -1.1689542453078e+06
123 71 -3.7612440064549e-04
124 71  2.3285022082882e+06
126 71 -4.4444444436478e+05
127 71 -1.4921911382877e+06
129 71 -1.1111111071510e+05
130 71  1.8652389258357e+05
170 71 -8.3333333286048e+04
171 71  3.6529819910504e+05
173 71 -1.1111111107128e+05
174 71 -2.9223855609407e+05
176 71  1.3791234232485e-04
177 71 -1.6632159311209e+05
179 71  1.1111111117156e+05
180 71 -3.7304777797539e+05
182 71  8.3333333047856e+04
183 71  4.6630972832766e+05
29 72  1.9699659952433e-03
30 72 -1.4319257577928e-02
31 72  2.5854236763763e-02
32 72 -1.8042007021099e-02
33 72  2.3963055293374e-03
66 72  5.5063228182066e-03
69 72 -4.7026149615153e-02
72 72  9.9187335091530e-02
75 72 -6.0518847284565e-02
78 72  7.2734805713364e-03
119 72  1.5979340162154e-03
122 72 -1.0823294434360e-02
125 72  1.7927473277290e-02
128 72 -1.3493918169910e-02
131 72  1.8786855285332e-03
172 72 -6.7645590256089e-04
175 72  5.1666250086491e-03
178 72 -9.8376725798945e-03
181 72  6.5550133338815e-03
184 72 -8.4336988741879e-04
12 73 -4.3235153776023e+04
13 73 -4.4444444398477e+05
14 73 -1.7294054245624e+05
15 73 -8.0226441692476e-04
16 73 -4.3235153483334e+04
17 73  4.4444444478704e+05
70 73  8.9310411396033e+04
71 73 -6.9107860326767e-05
73 73  3.5724190036366e+05
74 73  3.1899966800031e-09
76 73  8.9310410895080e+04
77 73  6.9102272391319e-05
123 73 -5.8833957325871e+04
124 73  4.4444444412296e+05
126 73 -2.3533577620003e+05
127 73  8.0227707245865e-04
129 73 -5.8833956927582e+04
130 73 -4.4444444492524e+05
176 73  7.3542480505624e+03
177 73 -1.1111111125122e+05
179 73  2.9416965300257e+04
180 73  2.0056957915333e-04
182 73  7.3542479410371e+03
183 73  1.1111111105065e+05
12 74  4.5645938538676e-11
13 74 -2.0305587815806e+06
14 74  1.5917651001376e-09
15 74  4.0611175674401e+06
16 74 -1.4026793164845e-09
17 74 -2.0305587884536e+06
70 74  1.2954790145159e-04
71 74 -8.8068751626698e+05
73 74  3.1899966800031e-09
74 74  1.7613750408735e+06
76 74 -1.2955069541931e-04
77 74 -8.8068751924793e+05
123 74 -9.6306126185824e-10
124 74 -1.4921911382876e+06
126 74 -5.6415526800373e-10
127 74  2.9843822780960e+06
129 74 -2.4896743658377e-09
130 74 -1.4921911433384e+06
176 74  1.1111111113672e+05
177 74 -3.7304777797539e+05
179 74 -2.0056629094793e-04
180 74  7.4609555765472e+05
182 74 -1.1111111093616e+05
183 74 -3.7304777923807e+05
31 75 -1.8042007021098e-02
32 75  3.2322556816185e-02
33 75 -1.8042007078347e-02
72 75 -6.0518847284565e-02
75 75  1.2880770418266e-01
78 75 -6.0518847497301e-02
125 75 -1.3493918169910e-02
128 75  2.1869282919906e-02
131 75 -1.3493918210387e-02
178 75  6.5550133338819e-03
181 75 -1.2470207506968e-02
184 75  6.5550133554198e-03
12 76 -1.0808783644106e+04
13 76  1.1111111092517e+05
14 76 -4.3235153483339e+04
15 76 -4.4444444404332e+05
16 76 -1.9276159230378e+04
17 76  5.5510550737381e-05
18 76 -3.3869605302754e+04
19 76  4.4444444393233e+05
20 76 -8.4673953777583e+03
21 76 -1.1111111086969e+05
70 76 -6.3793130439329e+03
71 76  4.7496403567493e-05
73 76  8.9310410895080e+04
74 76 -1.2955069541931e-04
76 76  9.1014124554832e+04
77 76  1.8626451492310e-09
79 76  6.9964061309864e+04
80 76  1.2954743579030e-04
82 76 -4.9974302553781e+03
83 76 -4.7495937906206e-05
123 76 -1.4708485659500e+04
124 76 -1.1111111089063e+05
126 76 -5.8833956927586e+04
127 76  4.4444444404332e+05
129 76 -2.6230819929407e+04
130 76 -5.5506825447082e-05
132 76 -4.6089410500534e+04
133 76 -4.4444444393233e+05
135 76 -1.1522348181694e+04
136 76  1.1111111083515e+05
176 76  1.8385608106118e+04
177 76 -8.3333333142442e+04
179 76  7.3542479410369e+03
180 76  1.1111111108550e+05
182 76 -2.6230845419791e+04
183 76  3.8118334487081e-05
185 76  5.7611805665783e+03
186 76 -1.1111111105776e+05
188 76  1.4402936449287e+04
189 76  8.3333333076579e+04
12 77 -1.1111111150184e+05
13 77  2.5381984837483e+05
14 77 -4.4444444450298e+05
15 77 -2.0305587884536e+06
16 77 -1.0397052392363e-04
17 77  4.0447781936173e+06
18 77  4.4444444450299e+05
19 77 -2.5920448620152e+06
20 77  1.1111111160581e+05
21 77  3.2400560732015e+05
70 77 -4.7498499043286e-05
71 77 -8.8068747100412e+05
73 77  6.9102272391319e-05
74 77 -8.8068751924793e+05
76 77  1.8626451492310e-09
77 77  4.0098018882088e+06
79 77 -6.9094821810722e-05
80 77 -1.1242134790371e+06
82 77  4.7498615458608e-05
83 77 -1.1242134165305e+06
123 77  1.1111111146729e+05
124 77  1.8652389258358e+05
126 77  4.4444444436478e+05
127 77 -1.4921911433384e+06
129 77  1.0396819561720e-04
130 77  2.9723750087798e+06
132 77 -4.4444444436479e+05
133 77 -1.9048088674242e+06
135 77 -1.1111111157126e+05
136 77  2.3810110782534e+05
176 77 -8.3333333524228e+04
177 77  4.6630972832766e+05
179 77 -1.1111111097099e+05
180 77 -3.7304777923808e+05
182 77 -3.8117868825793e-05
183 77 -2.1231250618674e+05
185 77  1.1111111094325e+05
186 77 -4.7620220850074e+05
188 77  8.3333333590094e+04
189 77  5.9525276579463e+05
31 78  2.3963055293375e-03
32 78 -1.8042007078348e-02
33 78  3.3847947770859e-02
34 78 -2.2845455591521e-02
35 78  2.9661814793851e-03
72 78  7.2734805713364e-03
75 78 -6.0518847497301e-02
78 78  1.2486984250218e-01
81 78 -7.7636566615659e-02
84 78  9.4763128799766e-03
125 78  1.8786855285332e-03
128 78 -1.3493918210387e-02
131 78  2.4033996199821e-02
134 78 -1.6972814814270e-02
137 78  2.2719685117441e-03
178 78 -8.4336988741879e-04
181 78  6.5550133554194e-03
184 78 -1.2701622944694e-02
187 78  8.3360407491175e-03
190 78 -1.0608009244503e-03
16 79 -3.3869605302755e+04
17 79 -4.4444444489802e+05
18 79 -1.3547832929562e+05
19 79  1.0242409406550e-03
20 79 -3.3869605595425e+04
21 79  4.4444444387378e+05
76 79  6.9964061309864e+04
77 79 -6.9094821810722e-05
79 79  2.7985657169393e+05
80 79 -5.4925851263044e-09
82 79  6.9964061810803e+04
83 79  6.9100409746170e-05
129 79 -4.6089410500539e+04
130 79  4.4444444503623e+05
132 79 -1.8435757533171e+05
133 79 -1.0242611976291e-03
135 79 -4.6089410898804e+04
136 79 -4.4444444401197e+05
182 79  5.7611805665782e+03
183 79 -1.1111111102290e+05
185 79  2.3044688337078e+04
186 79 -2.5606449122928e-04
188 79  5.7611806761081e+03
189 79  1.1111111127897e+05
16 80  3.0286918168073e-09
17 80 -2.5920448620152e+06
18 80 -1.2766369577526e-09
19 80  5.1840897107989e+06
20 80 -5.1160801456803e-09
21 80 -2.5920448508159e+06
76 80  1.2954743579030e-04
77 80 -1.1242134790371e+06
79 80 -5.4925851263044e-09
80 80  2.2484269574147e+06
82 80 -1.2954417616129e-04
83 80 -1.1242134741798e+06
129 80  4.5132209922109e-09
130 80 -1.9048088674241e+06
132 80  2.6627627189174e-09
133 80  3.8096177238528e+06
135 80 -3.9313585144476e-09
136 80 -1.9048088591941e+06
182 80  1.1111111090841e+05
183 80 -4.7620220850072e+05
185 80  2.5605950621962e-04
186 80  9.5240441528962e+05
188 80 -1.1111111116447e+05
189 80 -4.7620220644323e+05
33 81 -2.2845455591520e-02
34 81  4.2744256784812e-02
35 81 -2.2845455496633e-02
78 81 -7.7636566615659e-02
81 81  1.6136001090193e-01
84 81 -7.7636566272331e-02
131 81 -1.6972814814271e-02
134 81  2.9935851847900e-02
137 81 -1.6972814746134e-02
184 81  8.3360407491180e-03
187 81 -1.6170859248974e-02
190 81  8.3360407137508e-03
16 82 -8.4673953777603e+03
17 82  1.1111111138179e+05
18 82 -3.3869605595432e+04
19 82 -4.4444444495656e+05
20 82 -2.2228845892806e+04
21 82  2.5607086718082e-04
22 82 -5.5045887141936e+04
23 82  4.4444444444444e+05
24 82 -1.3761467949300e+04
25 82 -1.1111111112574e+05
76 82 -4.9974302553781e+03
77 82  4.7498615458608e-05
79 82  6.9964061810803e+04
80 82 -1.2954417616129e-04
82 82  1.0495545131182e+05
83 82 -5.5879354476929e-09
85 82  1.1370775449898e+05
86 82  1.2954929843545e-04
88 82 -8.1219809741593e+03
89 82 -4.7497567720711e-05
129 82 -1.1522348181697e+04
130 82 -1.1111111134725e+05
132 82 -4.6089410898813e+04
133 82  4.4444444495659e+05
135 82 -3.0248804984149e+04
136 82 -2.5608763098717e-04
138 82 -7.4905886831327e+04
139 82 -4.4444444444444e+05
141 82 -1.8726468733700e+04
142 82  1.1111111109119e+05
182 82  1.4402936449287e+04
183 82 -8.3333333684683e+04
185 82  5.7611806761073e+03
186 82  1.1111111131382e+05
188 82 -3.0248827488461e+04
189 82  1.7601251602173e-04
191 82  9.3632384878238e+03
192 82 -1.1111111118578e+05
194 82  2.3408086821329e+04
195 82  8.3333333380633e+04
16 83 -1.1111111064569e+05
17 83  3.2400560732020e+05
18 83 -4.4444444450299e+05
19 83 -2.5920448508160e+06
20 83 -4.8004323616624e-04
21 83  3.6635580826239e+06
22 83  4.4444444450298e+05
23 83 -1.5948786750902e+06
24 83  1.1111111112574e+05
25 83  1.9935983462827e+05
76 83 -4.7495937906206e-05
77 83 -1.1242134165305e+06
79 83  6.9100409746170e-05
80 83 -1.1242134741798e+06
82 83 -5.5879354476929e-09
83 83  3.6318783003653e+06
85 83 -6.9092959165573e-05
86 83 -6.9172572161485e+05
88 83  4.7498615458608e-05
89 83 -6.9172568528507e+05
129 83  1.1111111061113e+05
130 83  2.3810110782531e+05
132 83  4.4444444436479e+05
133 83 -1.9048088591941e+06
135 83  4.8005301505327e-04
136 83  2.6922288358379e+06
138 83 -4.4444444436479e+05
139 83 -1.1720240986680e+06
141 83 -1.1111111109119e+05
142 83  1.4650301238389e+05
182 83 -8.3333332981990e+04
183 83  5.9525276579462e+05
185 83 -1.1111111119931e+05
186 83 -4.7620220644322e+05
188 83 -1.7601612489670e-04
189 83 -1.9230206797758e+05
191 83  1.1111111107128e+05
192 83 -2.9300601942127e+05
194 83  8.3333333286032e+04
195 83  3.6625752827433e+05
33 84  2.9661814793852e-03
34 84 -2.2845455496635e-02
35 84  3.0325826012976e-02
36 84 -1.4354343519168e-02
37 84  1.9738801143992e-03
78 84  9.4763128799766e-03
81 84 -7.7636566272331e-02
84 84  1.1378658286240e-01
87 84 -4.7154850213890e-02
90 84  5.5233846215853e-03
131 84  2.2719685117442e-03
134 84 -1.6972814746134e-02
137 84  2.1317072895405e-02
140 84 -1.0848290743665e-02
143 84  1.6004167743367e-03
184 84 -1.0608009244503e-03
187 84  8.3360407137503e-03
190 84 -1.1448030647831e-02
193 84  5.1797649438526e-03
196 84 -6.7801817189366e-04
20 85 -5.5045887141936e+04
21 85 -4.4444444438591e+05
22 85 -2.2018349247319e+05
23 85  2.8664344548802e-09
24 85 -5.5045887141924e+04
25 85  4.4444444438591e+05
82 85  1.1370775449898e+05
83 85 -6.9092959165573e-05
85 85  4.5483121994187e+05
86 85 -2.5868606876233e-09
88 85  1.1370775449895e+05
89 85  6.9094821810722e-05
135 85 -7.4905886831330e+04
136 85  4.4444444452411e+05
138 85 -2.9962350693016e+05
139 85 -3.4871751617509e-09
141 85 -7.4905886831316e+04
142 85 -4.4444444452411e+05
188 85  9.3632384878245e+03
189 85 -1.1111111115094e+05
191 85  3.7452933079577e+04
192 85 -6.2307068821722e-10
194 85  9.3632384878210e+03
195 85  1.1111111115094e+05
20 86 -2.3885708859454e-10
21 86 -1.5948786750902e+06
22 86  2.7339883567938e-09
23 86  3.1897573468778e+06
24 86 -1.7761140515836e-09
25 86 -1.5948786750903e+06
82 86  1.2954929843545e-04
83 86 -6.9172572161485e+05
85 86 -2.5868606876233e-09
86 86  1.3834514500522e+06
88 86 -1.2955022975802e-04
89 86 -6.9172572161492e+05
135 86 -6.4370322078274e-10
136 86 -1.1720240986680e+06
138 86  3.3282538478618e-09
139 86  2.3440481928417e+06
141 86 -1.1356254483660e-09
142 86 -1.1720240986681e+06
188 86  1.1111111103644e+05
