%%MatrixMarket matrix coordinate real general
2870 2870 23754
1 1  1.0000000000000e+00
2 2  1.0000000000000e+00
3 3  1.0000000000000e+00
4 4  1.0000000000000e+00
5 5  1.0000000000000e+00
6 6  1.0000000000000e+00
7 7  1.0000000000000e+00
8 8  1.0000000000000e+00
9 9  1.0000000000000e+00
10 10  1.0000000000000e+00
11 11  1.0000000000000e+00
12 12  1.0000000000000e+00
13 13  1.0000000000000e+00
14 14  1.0000000000000e+00
15 15  1.0000000000000e+00
16 16  1.0000000000000e+00
17 17  1.0000000000000e+00
18 18  1.0000000000000e+00
19 19  1.0000000000000e+00
20 20  1.0000000000000e+00
21 21  1.0000000000000e+00
22 22  1.0000000000000e+00
23 23  1.0000000000000e+00
24 24  1.0000000000000e+00
25 25  1.0000000000000e+00
26 26  1.0000000000000e+00
27 27  1.0000000000000e+00
28 28  1.0000000000000e+00
29 29  1.0000000000000e+00
30 30  1.0000000000000e+00
31 31  1.0000000000000e+00
32 32  1.0000000000000e+00
33 33  1.0000000000000e+00
34 34  1.0000000000000e+00
35 35  1.0000000000000e+00
36 36  1.0000000000000e+00
37 37  1.0000000000000e+00
38 38  1.0000000000000e+00
39 39  1.0000000000000e+00
40 40  1.0000000000000e+00
41 41  1.0000000000000e+00
42 42  1.0000000000000e+00
43 43  6.0449508613273e-02
44 43 -2.0197439638661e-02
84 43  6.0063681242871e-03
85 43 -5.3067775684030e-03
43 44 -1.9708448062482e-02
44 44  8.8292160735606e-02
45 44 -1.9035670720913e-02
84 44 -5.3958851998823e-03
85 44  1.0461958691512e-02
86 44 -5.0821365183887e-03
44 45 -1.8224740236011e-02
45 45  8.5528236649306e-02
46 45 -1.8048259730492e-02
85 45 -5.1715203409068e-03
86 45  9.9865244703699e-03
87 45 -4.8321713097396e-03
45 46 -1.6921704987733e-02
46 46  8.3223246735591e-02
47 46 -1.7095983125718e-02
86 46 -4.9211367278177e-03
87 46  9.4974318724311e-03
88 46 -4.5944341017701e-03
46 47 -1.5663122835163e-02
47 47  8.1286223469542e-02
48 47 -1.6173058519991e-02
87 47 -4.6830274146860e-03
88 47  9.0321980130917e-03
89 47 -4.3683422770426e-03
47 48 -1.4446710749811e-02
48 48  7.9596451294665e-02
49 48 -1.5273454006569e-02
88 48 -4.4566195405003e-03
89 48  8.5896899532748e-03
90 48 -4.1533401684026e-03
48 49 -1.3270504886983e-02
49 49  7.8117994592418e-02
50 49 -1.4390843647622e-02
89 49 -4.2413686748376e-03
90 49  8.1688286687092e-03
91 49 -3.9488980515014e-03
49 50 -1.2132900008023e-02
50 50  7.6847290199171e-02
51 50 -1.3518568024985e-02
90 50 -4.0367577865927e-03
91 50  7.7685862894695e-03
92 50 -3.7545103284724e-03
50 51 -1.1032706066960e-02
51 51  7.5781797056029e-02
52 51 -1.2649586527942e-02
91 51 -3.8422958047784e-03
92 51  7.3879837995946e-03
93 51 -3.5696948123985e-03
51 52 -9.9692115131868e-03
52 52  7.4920138599192e-02
53 52 -1.1776429880823e-02
92 52 -3.6575170329754e-03
93 52  7.0260887875673e-03
94 52 -3.3939910455115e-03
52 53 -8.9422639617420e-03
53 53  7.4262285645292e-02
54 53 -1.0891153163645e-02
93 53 -3.4819798211266e-03
94 53  6.6820136704941e-03
95 53 -3.2269599624917e-03
53 54 -7.9523714345073e-03
54 54  7.3809784172582e-02
55 54 -9.9852817804010e-03
94 54 -3.3152664739172e-03
95 54  6.3549134372444e-03
96 54 -3.0681817541167e-03
54 55 -7.0008187059576e-03
55 55  7.3566041258301e-02
56 55 -9.0497680135567e-03
95 55 -3.1569815238609e-03
96 55  6.0439838999317e-03
97 55 -2.9172559406853e-03
55 56 -6.0898229321919e-03
56 56  7.3745922888986e-02
57 56 -8.0749389433818e-03
96 56 -3.0067521957888e-03
97 56  5.7484607271416e-03
98 56 -2.7738000244013e-03
56 57 -5.2227106316040e-03
57 57  7.4215819086531e-02
58 57 -7.0504531849628e-03
97 57 -2.8642275201112e-03
98 57  5.4676172809732e-03
99 57 -2.6374482958298e-03
57 58 -4.4041413652402e-03
58 58  7.4899100205068e-02
59 58 -5.9652642330371e-03
98 58 -2.7290777316605e-03
99 58  5.2007636203779e-03
100 58 -2.5078515787977e-03
58 59 -3.6403825220236e-03
59 59  7.5806790705540e-02
60 59 -4.8075923945497e-03
99 59 -2.6009945881748e-03
100 59  4.9472457056021e-03
101 59 -2.3846762021673e-03
59 60 -2.9396423408526e-03
60 60  7.6991704731437e-02
61 60 -3.5649149239583e-03
100 60 -2.4796911415607e-03
101 60  4.7064441774897e-03
102 60 -2.2676031908927e-03
60 61 -2.3124833296685e-03
61 61  7.8904153078826e-02
62 61 -2.2239815681764e-03
101 61 -2.3649017468959e-03
102 61  4.4777739647172e-03
103 61 -2.1563280129836e-03
61 62 -1.7723321879747e-03
62 62  8.0344687822715e-02
63 62 -1.8203941303428e-03
102 62 -2.2563828086157e-03
103 62  4.3933107641444e-03
104 62 -2.1818737237546e-03
62 63 -2.2812273970313e-03
63 63  8.0476200772125e-02
64 63 -2.4769356596569e-03
103 63 -2.2848965166289e-03
104 63  4.5890804488324e-03
105 63 -2.3481077896475e-03
63 64 -3.7797563885698e-03
64 64  8.0068827658372e-02
65 64 -3.2456663022244e-03
104 64 -2.4538332956016e-03
105 64  4.9365770981739e-03
106 64 -2.5244012485314e-03
64 65 -5.2327292350261e-03
65 65  8.0369530964411e-02
66 65 -4.1172835879812e-03
105 65 -2.6324027087407e-03
106 65  5.3041013066816e-03
107 65 -2.7112039014335e-03
65 66 -6.6447048518880e-03
66 66  8.0854003224255e-02
67 66 -5.0839076596385e-03
106 66 -2.8210945658058e-03
107 66  5.6926237741453e-03
108 66 -2.9089919993056e-03
66 67 -8.0210176120113e-03
67 67  8.1523033438261e-02
68 67 -6.1390030469882e-03
107 67 -3.0204225801050e-03
108 67  6.1031662151974e-03
109 67 -3.1182688390016e-03
67 68 -9.3676520204850e-03
68 68  8.2379070545080e-02
69 68 -7.2772973576312e-03
108 68 -3.2309250126554e-03
109 68  6.5368038211928e-03
110 68 -3.3395666622442e-03
68 69 -1.0691131720050e-02
69 69  8.3671646763303e-02
70 69 -8.4946876218696e-03
109 69 -3.4531665741080e-03
110 69  6.9946673794137e-03
111 69 -3.5734469117889e-03
69 70 -1.1998410986872e-02
70 70  8.5294203644654e-02
71 70 -9.7881504749592e-03
110 70 -3.6877387326970e-03
111 70  7.4779446627179e-03
112 70 -3.8205013312109e-03
70 71 -1.3296786103702e-02
71 71  8.7145344993832e-02
72 71 -1.1155658999613e-02
111 71 -3.9352609336723e-03
112 71  7.9878841382892e-03
113 71 -4.0813544992115e-03
71 72 -1.4593819562701e-02
72 72  8.9231246807236e-02
73 72 -1.2596086620700e-02
112 72 -4.1963832086292e-03
113 72  8.5257967468020e-03
114 72 -4.3566630262105e-03
72 73 -1.5897261985858e-02
73 73  9.1559549234171e-02
74 73 -1.4109142369537e-02
113 73 -4.4717854539050e-03
114 73  9.0930586158503e-03
115 73 -4.6471189576498e-03
73 74 -1.7215011420667e-02
74 74  9.4139219860020e-02
75 74 -1.5695284508641e-02
114 74 -4.7621810271074e-03
115 74  9.6911147604724e-03
116 74 -4.9534499596141e-03
74 75 -1.8555052459337e-02
75 75  9.6980424678734e-02
76 75 -1.7355659052175e-02
115 75 -5.0683169618610e-03
116 75  1.0321480795163e-02
117 75 -5.2764207432348e-03
75 76 -1.9925427784442e-02
76 76  1.0009443324176e-01
77 76 -1.9092047265930e-02
116 76 -5.3909756166834e-03
117 76  1.0985748639798e-02
118 76 -5.6168371896055e-03
76 77 -2.1334216674648e-02
77 77  1.0370795714370e-01
78 77 -2.0906798906975e-02
117 77 -5.7309788381807e-03
118 77  1.1685588613566e-02
119 77 -5.9755442520877e-03
77 78 -2.2789502739219e-02
78 78  1.0764860778100e-01
79 78 -2.2802793897437e-02
118 78 -6.0891860132189e-03
119 78  1.2422752472507e-02
120 78 -6.3534309350291e-03
78 79 -2.4299370737845e-02
79 79  1.1189759218400e-01
80 79 -2.4783405586134e-02
119 79 -6.4664991836199e-03
120 79  1.3199079251843e-02
121 79 -6.7514310418553e-03
79 80 -2.5871903108260e-02
80 80  1.1663410555071e-01
81 80 -2.6934461542430e-02
120 80 -6.8638638532907e-03
121 80  1.3930549784903e-02
122 80 -7.0849226365761e-03
80 81 -2.7597175802877e-02
81 81  7.9496168784908e-02
121 81 -7.1952211896922e-03
122 81  8.0351178116771e-03
82 82  1.0000000000000e+00
83 83  1.0000000000000e+00
43 84  6.0063681242871e-03
44 84 -5.3958851998823e-03
84 84  3.9955242076689e-02
85 84 -2.0292250207260e-02
125 84  5.3871813638796e-03
126 84 -4.7339491341519e-03
43 85 -5.3067775684030e-03
44 85  1.0461958691512e-02
45 85 -5.1715203409068e-03
84 85 -2.0292250207260e-02
85 85  6.9891304520956e-02
86 85 -1.9627433203696e-02
125 85 -4.8589438026557e-03
126 85  9.4643076537575e-03
127 85 -4.6214554545622e-03
44 86 -5.0821365183887e-03
45 86  9.9865244703699e-03
46 86 -4.9211367278177e-03
85 86 -1.9627433203696e-02
86 86  6.6978343329263e-02
87 86 -1.8625680836728e-02
126 86 -4.7500950907250e-03
127 86  9.1034308778283e-03
128 86 -4.3723834076187e-03
45 87 -4.8321713097396e-03
46 87  9.4974318724311e-03
47 87 -4.6830274146860e-03
86 87 -1.8625680836728e-02
87 87  6.3563075059315e-02
88 87 -1.7673746649012e-02
127 87 -4.5006996103494e-03
128 87  8.6164906570102e-03
129 87 -4.1360059053220e-03
46 88 -4.5944341017701e-03
47 88  9.0321980130917e-03
48 88 -4.4566195405003e-03
87 88 -1.7673746649012e-02
88 88  6.0318274372421e-02
89 88 -1.6769280345375e-02
128 88 -4.2640534642018e-03
129 88  8.1543101736973e-03
130 88 -3.9117209386141e-03
47 89 -4.3683422770426e-03
48 89  8.5896899532748e-03
49 89 -4.2413686748376e-03
88 89 -1.6769280345375e-02
89 89  5.7235922319096e-02
90 89 -1.5910042428163e-02
129 89 -4.0395652092413e-03
130 89  7.7157156562251e-03
131 89 -3.6989530177379e-03
48 90 -4.1533401684026e-03
49 90  8.1688286687092e-03
50 90 -4.0367577865927e-03
89 90 -1.5910042428163e-02
90 90  5.4308383590532e-02
91 90 -1.5093901175282e-02
130 90 -3.8266713659093e-03
131 90  7.2995873131036e-03
132 90 -3.4971534572135e-03
49 91 -3.9488980515014e-03
50 91  7.7685862894695e-03
51 91 -3.8422958047784e-03
90 91 -1.5093901175282e-02
91 91  5.1528386663662e-02
92 91 -1.4318823951774e-02
131 91 -3.6248368092053e-03
132 91  6.9048570000505e-03
133 91 -3.3057975095808e-03
50 92 -3.7545103284724e-03
51 92  7.3879837995946e-03
52 92 -3.6575170329754e-03
91 92 -1.4318823951774e-02
92 92  4.8889006368739e-02
93 92 -1.3582875729053e-02
132 92 -3.4335523427077e-03
133 92  6.5305054618058e-03
134 92 -3.1243843684439e-03
51 93 -3.5696948123985e-03
52 93  7.0260887875673e-03
53 93 -3.4819798211266e-03
92 93 -1.3582875729053e-02
93 93  4.6383649963863e-02
94 93 -1.2884212638634e-02
133 93 -3.2523347061309e-03
134 93  6.1755601754699e-03
135 93 -2.9524349105902e-03
52 94 -3.3939910455115e-03
53 94  6.6820136704941e-03
54 94 -3.3152664739172e-03
93 94 -1.2884212638634e-02
94 94  4.4006043847202e-02
95 94 -1.2221080647039e-02
134 94 -3.0807247860595e-03
135 94  5.8390930694989e-03
136 94 -2.7894914669696e-03
53 95 -3.2269599624917e-03
54 95  6.3549134372444e-03
55 95 -3.1569815238609e-03
94 95 -1.2221080647039e-02
95 95  4.1750219119463e-02
96 95 -1.1591808394126e-02
135 95 -2.9182876147257e-03
136 95  5.5202186883377e-03
137 95 -2.6351160211209e-03
54 96 -3.0681817541167e-03
55 96  6.0439838999317e-03
56 96 -3.0067521957888e-03
95 96 -1.1591808394126e-02
96 96  3.9610498538258e-02
97 96 -1.0994806642956e-02
136 96 -2.7646110467210e-03
137 96  5.2180919862506e-03
138 96 -2.4888895825855e-03
55 97 -2.9172559406853e-03
56 97  5.7484607271416e-03
57 97 -2.8642275201112e-03
96 97 -1.0994806642956e-02
97 97  3.7581489398387e-02
98 97 -1.0428564654281e-02
137 97 -2.6193054714324e-03
138 97  4.9319067885772e-03
139 97 -2.3504110466052e-03
56 98 -2.7738000244013e-03
57 98  5.4676172809732e-03
58 98 -2.7290777316605e-03
97 98 -1.0428564654281e-02
98 98  3.5658070063081e-02
99 98 -9.8916457108991e-03
138 98 -2.4820032767736e-03
139 98  4.6608939586956e-03
140 98 -2.2192961371515e-03
57 99 -2.6374482958298e-03
58 99  5.2007636203779e-03
59 99 -2.6009945881748e-03
98 99 -9.8916457108991e-03
99 99  3.3835382717485e-02
100 99 -9.3826871380185e-03
139 99 -2.3523583490086e-03
140 99  4.4043200677231e-03
141 99 -2.0951768551266e-03
58 100 -2.5078515787977e-03
59 100  4.9472457056021e-03
60 100 -2.4796911415607e-03
99 100 -9.3826871380185e-03
100 100  3.2108828513660e-02
101 100 -8.9003972321809e-03
140 100 -2.2300461910544e-03
141 100  4.1614861036631e-03
142 100 -1.9777002670043e-03
59 101 -2.3846762021673e-03
60 101  4.7064441774897e-03
61 101 -2.3649017468959e-03
100 101 -8.9003972321809e-03
101 101  3.0474059543509e-02
102 101 -8.4435531993851e-03
141 101 -2.1147636315904e-03
142 101  3.9317260971598e-03
143 101 -1.8665278665530e-03
60 102 -2.2676031908927e-03
61 102  4.4777739647172e-03
62 102 -2.2563828086157e-03
101 102 -8.4435531993851e-03
102 102  2.8926975828004e-02
103 102 -8.0110010110455e-03
142 102 -2.0062290186569e-03
143 102  3.7144061949478e-03
144 102 -1.7613347631836e-03
61 103 -2.1563280129836e-03
62 103  4.3933107641444e-03
63 103 -2.2848965166289e-03
102 103 -8.0110010110455e-03
103 103  2.8344520628140e-02
104 103 -8.1077182668828e-03
143 103 -1.9041826172831e-03
144 103  3.6301608797584e-03
145 103 -1.7812017565376e-03
62 104 -2.1818737237546e-03
63 104  4.5890804488324e-03
64 104 -2.4538332956016e-03
103 104 -8.1077182668828e-03
104 104  2.9629940799689e-02
105 104 -8.7476592615253e-03
144 104 -1.9274578831256e-03
145 104  3.8032472816438e-03
146 104 -1.9296365892201e-03
63 105 -2.3481077896475e-03
64 105  4.9365770981739e-03
65 105 -2.6324027087407e-03
104 105 -8.7476592615253e-03
105 105  3.1929949687622e-02
106 105 -9.4266461076408e-03
145 105 -2.0790485555102e-03
146 105  4.1162316269742e-03
147 105 -2.0879745187818e-03
64 106 -2.5244012485314e-03
65 106  5.3041013066816e-03
66 106 -2.8210945658058e-03
105 106 -9.4266461076408e-03
106 106  3.4370325849783e-02
107 106 -1.0146615980381e-02
146 106 -2.2400804180463e-03
147 106  4.4488673788478e-03
148 106 -2.2566913698032e-03
65 107 -2.7112039014335e-03
66 107  5.6926237741453e-03
67 107 -3.0204225801050e-03
106 107 -1.0146615980381e-02
107 107  3.6958007978638e-02
108 107 -1.0909605697469e-02
147 107 -2.4110713513342e-03
148 107  4.8021815949054e-03
149 107 -2.4362893877365e-03
66 108 -2.9089919993056e-03
67 108  6.1031662151974e-03
68 108 -3.2309250126554e-03
107 108 -1.0909605697469e-02
108 108  3.9700287327805e-02
109 108 -1.1717753832746e-02
148 108 -2.5925631831095e-03
149 108  5.1772521566982e-03
150 108 -2.6272974078480e-03
67 109 -3.1182688390016e-03
68 109  6.5368038211928e-03
69 109 -3.4531665741080e-03
108 109 -1.1717753832746e-02
109 109  4.2604824234113e-02
110 109 -1.2573307894535e-02
149 109 -2.7851218845209e-03
150 109  5.5752096969093e-03
151 109 -2.8302728098984e-03
68 110 -3.3395666622442e-03
69 110  6.9946673794137e-03
70 110 -3.6877387326970e-03
109 110 -1.2573307894535e-02
110 110  4.5679663676990e-02
111 110 -1.3478625970561e-02
150 110 -2.9893394077047e-03
151 110  5.9972397519088e-03
152 110 -3.0458018711329e-03
69 111 -3.5734469117889e-03
70 111  7.4779446627179e-03
71 111 -3.9352609336723e-03
110 111 -1.3478625970561e-02
111 111  4.8933245475033e-02
112 111 -1.4436180740105e-02
151 111 -3.2058341315129e-03
152 111  6.4445842209204e-03
153 111 -3.2745008848071e-03
70 112 -3.8205013312109e-03
71 112  7.9878841382892e-03
72 112 -4.1963832086292e-03
111 112 -1.4436180740105e-02
112 112  5.2374428321161e-02
113 112 -1.5448569164343e-02
152 112 -3.4352520290529e-03
153 112  6.9185443596938e-03
154 112 -3.5170180727536e-03
71 113 -4.0813544992115e-03
72 113  8.5257967468020e-03
73 113 -4.4717854539050e-03
112 113 -1.5448569164343e-02
113 113  5.6012505755209e-02
114 113 -1.6518512077178e-02
153 113 -3.6782686125059e-03
154 113  7.4204830102586e-03
155 113 -3.7740338677017e-03
72 114 -4.3566630262105e-03
73 114  9.0930586158503e-03
74 114 -4.7621810271074e-03
113 114 -1.6518512077178e-02
114 114  5.9857221604769e-02
115 114 -1.7648863091346e-02
154 114 -3.9355894168795e-03
155 114  7.9518267404925e-03
156 114 -4.0462626686854e-03
73 115 -4.6471189576498e-03
74 115  9.6911147604724e-03
75 115 -5.0683169618610e-03
114 115 -1.7648863091346e-02
115 115  6.3918796129112e-02
116 115 -1.8842614823037e-02
155 115 -4.2079517251691e-03
156 115  8.5140694086854e-03
157 115 -4.3344546397832e-03
74 116 -4.9534499596141e-03
75 116  1.0321480795163e-02
76 116 -5.3909756166834e-03
115 116 -1.8842614823037e-02
116 116  6.8207942478450e-02
117 116 -2.0102902037390e-02
156 116 -4.4961266331616e-03
157 116  9.1087747695768e-03
158 116 -4.6393962922409e-03
75 117 -5.2764207432348e-03
76 117  1.0985748639798e-02
77 117 -5.7309788381807e-03
116 117 -2.0102902037390e-02
117 117  7.2735900054323e-02
118 117 -2.1433017560165e-02
157 117 -4.8009197008839e-03
158 117  9.7375804759692e-03
159 117 -4.9619139002061e-03
76 118 -5.6168371896055e-03
77 118  1.1685588613566e-02
78 118 -6.0891860132189e-03
117 118 -2.1433017560165e-02
118 118  7.7514452159228e-02
119 118 -2.2836406508736e-02
158 118 -5.1231744229992e-03
159 118  1.0402200929227e-02
160 118 -5.3028727732902e-03
77 119 -5.9755442520877e-03
78 119  1.2422752472507e-02
79 119 -6.4664991836199e-03
118 119 -2.2836406508736e-02
119 119  8.2555948630511e-02
120 119 -2.4316684983710e-02
159 119 -5.4637717668668e-03
160 119  1.1104430484149e-02
161 119 -5.6631810297577e-03
78 120 -6.3534309350291e-03
79 120  1.3199079251843e-02
80 120 -6.8638638532907e-03
119 120 -2.4316684983710e-02
120 120  8.7873342167837e-02
121 120 -2.5877642097305e-02
160 120 -5.8236339346264e-03
161 120  1.1846148408214e-02
162 120 -6.0437907479686e-03
79 121 -6.7514310418553e-03
80 121  1.3930549784903e-02
81 121 -7.1952211896922e-03
120 121 -2.5877642097305e-02
121 121  9.2295109162407e-02
122 121 -2.6842498653928e-02
161 121 -6.2037256876212e-03
162 121  1.2383581411498e-02
163 121 -6.2023082354714e-03
80 122 -7.0849226365761e-03
81 122  8.0351178116771e-03
121 122 -2.6842498653928e-02
122 122  5.2962069429284e-02
162 122 -6.3555970701661e-03
163 122  7.0680929891145e-03
123 123  1.0000000000000e+00
124 124  1.0000000000000e+00
84 125  5.3871813638796e-03
85 125 -4.8589438026557e-03
125 125  3.5807823864372e-02
126 125 -1.8165877131179e-02
166 125  4.8213707618475e-03
167 125 -4.2170689372464e-03
84 126 -4.7339491341519e-03
85 126  9.4643076537575e-03
86 126 -4.7500950907250e-03
125 126 -1.8165877131179e-02
126 126  6.3157486832106e-02
127 126 -1.7903046093660e-02
166 126 -4.3626518761308e-03
167 126  8.5370387529833e-03
168 126 -4.1902695000514e-03
85 127 -4.6214554545622e-03
86 127  9.1034308778283e-03
87 127 -4.5006996103494e-03
126 127 -1.7903046093660e-02
127 127  6.0969026792719e-02
128 127 -1.6912494884216e-02
167 127 -4.3435411918739e-03
168 127  8.2682688531765e-03
169 127 -3.9459137811545e-03
86 128 -4.3723834076187e-03
87 128  8.6164906570102e-03
88 128 -4.2640534642018e-03
127 128 -1.6912494884216e-02
128 128  5.7596676337145e-02
129 128 -1.5973597006551e-02
168 128 -4.0989064677088e-03
169 128  7.7910104205547e-03
170 128 -3.7146830461770e-03
87 129 -4.1360059053220e-03
88 129  8.1543101736973e-03
89 129 -4.0395652092413e-03
128 129 -1.5973597006551e-02
129 129  5.4401084095332e-02
130 129 -1.5083907668460e-02
169 129 -3.8674575224508e-03
170 129  7.3393246816646e-03
171 129 -3.4959459884379e-03
88 130 -3.9117209386141e-03
89 130  7.7157156562251e-03
90 130 -3.8266713659093e-03
129 130 -1.5083907668460e-02
130 130  5.1373898625943e-02
131 130 -1.4241088591777e-02
170 130 -3.6485743167967e-03
171 130  6.9119774028719e-03
172 130 -3.2890982418029e-03
89 131 -3.6989530177379e-03
90 131  7.2995873131036e-03
91 131 -3.6248368092053e-03
130 131 -1.4241088591777e-02
131 131  4.8507150064487e-02
132 131 -1.3442911527340e-02
171 131 -3.4416651029694e-03
172 131  6.5077883376646e-03
173 131 -3.0935620944743e-03
90 132 -3.4971534572135e-03
91 132  6.9048570000505e-03
92 132 -3.4335523427077e-03
131 132 -1.3442911527340e-02
132 132  4.5793236980637e-02
133 132 -1.2687247191561e-02
172 132 -3.2461664942088e-03
173 132  6.1256288699549e-03
174 132 -2.9087842207306e-03
91 133 -3.3057975095808e-03
92 133  6.5305054618058e-03
93 133 -3.2523347061309e-03
132 133 -1.2687247191561e-02
133 133  4.3224908795460e-02
134 133 -1.1972065967960e-02
173 133 -3.0615415785159e-03
174 133  5.7644198992461e-03
175 133 -2.7342358172586e-03
92 134 -3.1243843684439e-03
93 134  6.1755601754699e-03
94 134 -3.0807247860595e-03
133 134 -1.1972065967960e-02
134 134  4.0795250104517e-02
135 134 -1.1295428024048e-02
174 134 -2.8872800354769e-03
175 134  5.4231292363202e-03
176 134 -2.5694098288831e-03
93 135 -2.9524349105902e-03
94 135  5.8390930694989e-03
95 135 -2.9182876147257e-03
134 135 -1.1295428024048e-02
135 135  3.8497664039635e-02
136 135 -1.0655483458791e-02
175 135 -2.7228958171438e-03
176 135  5.1007688841776e-03
177 135 -2.4138208369098e-03
94 136 -2.7894914669696e-03
95 136  5.5202186883377e-03
96 136 -2.7646110467210e-03
135 136 -1.0655483458791e-02
136 136  3.6325863301945e-02
137 136 -1.0050466642499e-02
176 136 -2.5679274404203e-03
177 136  4.7963938428588e-03
178 136 -2.2670038333605e-03
95 137 -2.6351160211209e-03
96 137  5.2180919862506e-03
97 137 -2.6193054714324e-03
136 137 -1.0050466642499e-02
137 137  3.4273854983328e-02
138 137 -9.4786929581823e-03
177 137 -2.4219370424546e-03
178 137  4.5090996120030e-03
179 137 -2.1285129186987e-03
96 138 -2.4888895825855e-03
97 138  4.9319067885772e-03
98 138 -2.4820032767736e-03
137 138 -9.4786929581823e-03
138 138  3.2335929741168e-02
139 138 -8.9385553225490e-03
178 138 -2.2845096084756e-03
179 138  4.2380203678378e-03
180 138 -1.9979205164892e-03
97 139 -2.3504110466052e-03
98 139  4.6608939586956e-03
99 139 -2.3523583490086e-03
138 139 -8.9385553225490e-03
139 139  3.0506651919711e-02
140 139 -8.4285216028850e-03
179 139 -2.1552527824778e-03
180 139  3.9823272263539e-03
181 139 -1.8748162996478e-03
98 140 -2.2192961371515e-03
99 140  4.4043200677231e-03
100 140 -2.2300461910544e-03
139 140 -8.4285216028850e-03
140 140  2.8780852483961e-02
141 140 -7.9471326729794e-03
180 140 -2.0337963481257e-03
181 140  3.7412268252771e-03
182 140 -1.7588066324452e-03
99 141 -2.0951768551266e-03
100 141  4.1614861036631e-03
101 141 -2.1147636315904e-03
140 141 -7.9471326729794e-03
141 141  2.7153620509547e-02
142 141 -7.4929986832423e-03
181 141 -1.9197924696738e-03
182 141  3.5139597197813e-03
183 141 -1.6495132427154e-03
100 142 -1.9777002670043e-03
101 142  3.9317260971598e-03
102 142 -2.0062290186569e-03
141 142 -7.4929986832423e-03
142 142  2.5620296545036e-02
143 142 -7.0647983545883e-03
182 142 -1.8129152737998e-03
183 142  3.2997987314539e-03
184 142 -1.5465726518082e-03
101 143 -1.8665278665530e-03
102 143  3.7144061949478e-03
103 143 -1.9041826172831e-03
142 143 -7.0647983545883e-03
143 143  2.4176469467839e-02
144 143 -6.6612769429368e-03
183 143 -1.7128612742483e-03
184 143  3.0980479057964e-03
185 143 -1.4496353234462e-03
102 144 -1.7613347631836e-03
103 144  3.6301608797584e-03
104 144 -1.9274578831256e-03
143 144 -6.6612769429368e-03
144 144  2.3611379214851e-02
145 144 -6.7380697766585e-03
184 144 -1.6193497841452e-03
185 144  3.0170203365457e-03
186 144 -1.4648844707205e-03
103 145 -1.7812017565376e-03
104 145  3.8032472816438e-03
105 145 -2.0790485555102e-03
144 145 -6.7380697766585e-03
145 145  2.4737716835394e-02
146 145 -7.3074581608014e-03
185 145 -1.6383204774127e-03
186 145  3.1682555243995e-03
187 145 -1.5953810340382e-03
104 146 -1.9296365892201e-03
105 146  4.1162316269742e-03
106 146 -2.2400804180463e-03
145 146 -7.3074581608014e-03
146 146  2.6786750693889e-02
147 146 -7.9146107498594e-03
186 146 -1.7722896889733e-03
187 146  3.4461808395497e-03
188 146 -1.7353665000417e-03
105 147 -2.0879745187818e-03
106 147  4.4488673788478e-03
107 147 -2.4110713513342e-03
146 147 -7.9146107498594e-03
147 147  2.8972013604621e-02
148 147 -8.5615755395311e-03
187 147 -1.9152575414789e-03
188 147  3.7428634791520e-03
189 147 -1.8853399407617e-03
106 148 -2.2566913698032e-03
107 148  4.8021815949054e-03
108 148 -2.5925631831095e-03
147 148 -8.5615755395311e-03
148 148  3.1300830373096e-02
149 148 -9.2505041560526e-03
188 148 -2.0677670020023e-03
189 148  4.0593820212081e-03
190 148 -2.0458280756406e-03
107 149 -2.4362893877365e-03
108 149  5.1772521566982e-03
109 149 -2.7851218845209e-03
148 149 -9.2505041560526e-03
149 149  3.3780887477095e-02
150 149 -9.9836516593402e-03
189 149 -2.2303863003082e-03
190 149  4.3968690526688e-03
191 149 -2.2173857363495e-03
108 150 -2.6272974078480e-03
109 150  5.5752096969093e-03
110 150 -2.9893394077047e-03
149 150 -9.9836516593402e-03
150 150  3.6420246082122e-02
151 150 -1.0763383834993e-02
190 150 -2.4037093002257e-03
191 150  4.7565127847228e-03
192 150 -2.4005974323909e-03
109 151 -2.8302728098984e-03
110 151  5.9972397519088e-03
111 151 -3.2058341315129e-03
150 151 -1.0763383834993e-02
151 151  3.9227357485269e-02
152 151 -1.1592178544942e-02
191 151 -2.5883569323194e-03
192 151  5.1395588572596e-03
193 151 -2.5960778092922e-03
110 152 -3.0458018711329e-03
111 152  6.4445842209204e-03
112 152 -3.4352520290529e-03
151 152 -1.1592178544942e-02
152 152  4.2211075332377e-02
153 152 -1.2472631072947e-02
192 152 -2.7849777581461e-03
193 152  5.5473122558252e-03
194 152 -2.8044732631941e-03
111 153 -3.2745008848071e-03
112 153  6.9185443596938e-03
113 153 -3.6782686125059e-03
152 153 -1.2472631072947e-02
153 153  4.5380673995693e-02
154 153 -1.3407459224309e-02
193 153 -2.9942495260729e-03
194 153  5.9811392815312e-03
195 153 -3.0264624373039e-03
112 154 -3.5170180727536e-03
113 154  7.4204830102586e-03
114 154 -3.9355894168795e-03
153 154 -1.3407459224309e-02
154 154  4.8745863502818e-02
155 154 -1.4399506575232e-02
194 154 -3.2168797556550e-03
195 154  6.4424695803940e-03
196 154 -3.2627576841511e-03
113 155 -3.7740338677017e-03
114 155  7.9518267404925e-03
115 155 -4.2079517251691e-03
154 155 -1.4399506575232e-02
155 155  5.2316806230274e-02
156 155 -1.5451748635030e-02
195 155 -3.4536074106114e-03
196 155  6.9327987150670e-03
197 155 -3.5141062434782e-03
114 156 -4.0462626686854e-03
115 156  8.5140694086854e-03
116 156 -4.4961266331616e-03
155 156 -1.5451748635030e-02
156 156  5.6104140399145e-02
157 156 -1.6567300171631e-02
196 156 -3.7052039747980e-03
197 156  7.4536910563496e-03
198 156 -3.7812918261467e-03
115 157 -4.3344546397832e-03
116 157  9.1087747695768e-03
117 157 -4.8009197008839e-03
156 157 -1.6567300171631e-02
157 157  6.0118997266300e-02
158 157 -1.7749417634001e-02
197 157 -3.9724753991653e-03
198 157  8.0067818752595e-03
199 157 -4.0651350619597e-03
116 158 -4.6393962922409e-03
117 158  9.7375804759692e-03
118 158 -5.1231744229992e-03
157 158 -1.7749417634001e-02
158 158  6.4373027273534e-02
159 158 -1.9001511657543e-02
198 158 -4.2562624667467e-03
199 158  8.5937811160396e-03
200 158 -4.3664967701657e-03
117 159 -4.9619139002061e-03
118 159  1.0402200929227e-02
119 159 -5.4637717668668e-03
158 159 -1.9001511657543e-02
159 159  6.8878420781442e-02
160 159 -2.0327146347366e-02
199 159 -4.5574443166280e-03
200 159  9.2164762354939e-03
201 159 -4.6862773088325e-03
118 160 -5.3028727732902e-03
119 160  1.1104430484149e-02
120 160 -5.8236339346264e-03
159 160 -2.0327146347366e-02
160 160  7.3647929876354e-02
161 160 -2.1730052463031e-02
200 160 -4.8769379029057e-03
201 160  9.8767354406876e-03
202 160 -5.0254204462414e-03
119 161 -5.6631810297577e-03
120 161  1.1846148408214e-02
121 161 -6.2037256876212e-03
160 161 -2.1730052463031e-02
161 161  7.8694902263092e-02
162 161 -2.3214133722366e-02
201 161 -5.2157019556174e-03
202 161  1.0576512019550e-02
203 161 -5.3849136021772e-03
120 162 -6.0437907479686e-03
121 162  1.2383581411498e-02
122 162 -6.3555970701661e-03
161 162 -2.3214133722366e-02
162 162  8.1908912131634e-02
163 162 -2.3566198403552e-02
202 162 -5.5747374121527e-03
203 162  1.0963242271419e-02
204 162 -5.4160331868287e-03
121 163 -6.2023082354714e-03
122 163  7.0680929891145e-03
162 163 -2.3566198403552e-02
163 163  4.6532471549149e-02
203 163 -5.5938396830095e-03
204 163  6.1988201983092e-03
164 164  1.0000000000000e+00
165 165  1.0000000000000e+00
125 166  4.8213707618475e-03
126 166 -4.3626518761308e-03
166 166  3.2024844005996e-02
167 166 -1.6227743559281e-02
207 166  4.3060512229503e-03
208 166 -3.7515442217971e-03
125 167 -4.2170689372464e-03
126 167  8.5370387529833e-03
127 167 -4.3435411918739e-03
166 167 -1.6227743559281e-02
167 167  5.6914852372941e-02
168 167 -1.6270637521207e-02
207 167 -3.9064994656880e-03
208 167  7.6792214711144e-03
209 167 -3.7885843893966e-03
126 168 -4.1902695000514e-03
127 168  8.2682688531765e-03
128 168 -4.0989064677088e-03
167 168 -1.6270637521207e-02
168 168  5.5306196770138e-02
169 168 -1.5305075399412e-02
208 168 -3.9551192555655e-03
209 168  7.4836141848645e-03
210 168 -3.5520450615073e-03
127 169 -3.9459137811545e-03
128 169  7.7910104205547e-03
129 169 -3.8674575224508e-03
168 169 -1.5305075399412e-02
169 169  5.2024537294605e-02
170 169 -1.4392697353050e-02
209 169 -3.7183127951214e-03
210 169  7.0220676787356e-03
211 169 -3.3289534114074e-03
128 170 -3.7146830461770e-03
129 170  7.3393246816646e-03
130 170 -3.6485743167967e-03
169 170 -1.4392697353050e-02
170 170  4.8924795767404e-02
171 170 -1.3530918244860e-02
210 170 -3.4950186205671e-03
211 170  6.5866758780327e-03
212 170 -3.1186393032824e-03
129 171 -3.4959459884379e-03
130 171  6.9119774028719e-03
131 171 -3.4416651029694e-03
170 171 -1.3530918244860e-02
171 171  4.5998151207809e-02
172 171 -1.2717267090193e-02
211 171 -3.2845782496755e-03
212 171  6.1761265598996e-03
213 171 -2.9204621042511e-03
130 172 -3.2890982418029e-03
131 172  6.5077883376646e-03
132 172 -3.2461664942088e-03
171 172 -1.2717267090193e-02
172 172  4.3236173779438e-02
173 172 -1.1949380174251e-02
212 172 -3.0863641879874e-03
213 172  5.7891632346449e-03
214 172 -2.7338073793888e-03
131 173 -3.0935620944743e-03
132 173  6.1256288699549e-03
133 173 -3.0615415785159e-03
172 173 -1.1949380174251e-02
173 173  4.0630806103481e-02
174 173 -1.1224996891686e-02
213 173 -2.8997768932505e-03
214 173  5.4245822172537e-03
215 173 -2.5580871616150e-03
132 174 -2.9087842207306e-03
133 174  5.7644198992461e-03
134 174 -2.8872800354769e-03
173 174 -1.1224996891686e-02
174 174  3.8174353054647e-02
175 174 -1.0541957918127e-02
214 174 -2.7242453960378e-03
215 174  5.0812311998822e-03
216 174 -2.3927383071249e-03
133 175 -2.7342358172586e-03
134 175  5.4231292363202e-03
135 175 -2.7228958171438e-03
174 175 -1.0541957918127e-02
175 175  3.5859463384161e-02
176 175 -9.8981961685136e-03
215 175 -2.5592257186259e-03
216 175  4.7580061777429e-03
217 175 -2.2372210924808e-03
134 176 -2.5694098288831e-03
135 176  5.1007688841776e-03
136 176 -2.5679274404203e-03
175 176 -9.8981961685136e-03
176 176  3.3679112911940e-02
177 176 -9.2917357478685e-03
216 176 -2.4041999242908e-03
217 176  4.4538491159399e-03
218 176 -2.0910181647287e-03
135 177 -2.4138208369098e-03
136 177  4.7963938428588e-03
137 177 -2.4219370424546e-03
176 177 -9.2917357478685e-03
177 177  3.1626597780196e-02
178 177 -8.7206887627729e-03
217 177 -2.2586754511513e-03
218 177  4.1677465054520e-03
219 177 -1.9536342445142e-03
136 178 -2.2670038333605e-03
137 178  4.5090996120030e-03
138 178 -2.2845096084756e-03
177 178 -8.7206887627729e-03
178 178  2.9695519714223e-02
179 178 -8.1832495422992e-03
218 178 -2.1221851200190e-03
219 178  3.8987270590596e-03
220 178 -1.8245940565967e-03
137 179 -2.1285129186987e-03
138 179  4.2380203678378e-03
139 179 -2.1552527824778e-03
178 179 -8.1832495422992e-03
179 179  2.7879775739625e-02
180 179 -7.6776938926725e-03
219 179 -1.9942856683792e-03
220 179  3.6458597959424e-03
221 179 -1.7034424644098e-03
138 180 -1.9979205164892e-03
139 180  3.9823272263539e-03
140 180 -2.0337963481257e-03
179 180 -7.6776938926725e-03
180 180  2.6173548812740e-02
181 180 -7.2023737413112e-03
220 180 -1.8745584556652e-03
221 180  3.4082522833964e-03
222 180 -1.5897425940629e-03
139 181 -1.8748162996478e-03
140 181  3.7412268252771e-03
141 181 -1.9197924696738e-03
180 181 -7.2023737413112e-03
181 181  2.4571299810082e-02
182 181 -6.7557171123880e-03
221 181 -1.7626081602775e-03
222 181  3.1850486484607e-03
223 181 -1.4830757392481e-03
140 182 -1.7588066324452e-03
141 182  3.5139597197813e-03
142 182 -1.8129152737998e-03
181 182 -6.7557171123880e-03
182 182  2.3067761946921e-02
183 182 -6.3362238599163e-03
222 182 -1.6580636216576e-03
223 182  2.9754283518858e-03
224 182 -1.3830401788519e-03
141 183 -1.6495132427154e-03
142 183  3.2997987314539e-03
143 183 -1.7128612742483e-03
182 183 -6.3362238599163e-03
183 183  2.1657932108573e-02
184 183 -5.9424638592690e-03
223 183 -1.5605774638438e-03
224 183  2.7786039414541e-03
225 183 -1.2892501543282e-03
142 184 -1.5465726518082e-03
143 184  3.0980479057964e-03
144 184 -1.6193497841452e-03
183 184 -5.9424638592690e-03
184 184  2.0337068172964e-02
185 184 -5.5730757535728e-03
224 184 -1.4698263251568e-03
225 184  2.5938195132285e-03
226 184 -1.2013353540402e-03
143 185 -1.4496353234462e-03
144 185  3.0170203365457e-03
145 185 -1.6383204774127e-03
184 185 -5.5730757535728e-03
185 185  1.9804941196161e-02
186 185 -5.6335293989984e-03
225 185 -1.3855115118756e-03
226 185  2.5174302353949e-03
227 185 -1.2128553800954e-03
144 186 -1.4648844707205e-03
145 186  3.1682555243995e-03
146 186 -1.7722896889733e-03
185 186 -5.6335293989984e-03
186 186  2.0781631757394e-02
187 186 -6.1342759910739e-03
226 186 -1.4009494047959e-03
227 186  2.6486174610483e-03
228 186 -1.3264075406658e-03
145 187 -1.5953810340382e-03
146 187  3.4461808395497e-03
147 187 -1.9152575414789e-03
186 187 -6.1342759910739e-03
187 187  2.2584356241915e-02
188 187 -6.6706184811473e-03
227 187 -1.5181707211580e-03
228 187  2.8932955138992e-03
229 187 -1.4488512946800e-03
146 188 -1.7353665000417e-03
147 188  3.7428634791520e-03
148 188 -2.0677670020023e-03
187 188 -6.6706184811473e-03
188 188  2.4516031900547e-02
189 188 -7.2446821269302e-03
228 188 -1.6437732742723e-03
229 188  3.1554608896873e-03
230 188 -1.5806967951969e-03
147 189 -1.8853399407617e-03
148 189  4.0593820212081e-03
149 189 -2.2303863003082e-03
188 189 -7.2446821269302e-03
189 189  2.6584259491883e-02
190 189 -7.8587023973693e-03
229 189 -1.7783125396837e-03
230 189  3.4362191962361e-03
231 189 -1.7224838344985e-03
148 190 -2.0458280756406e-03
149 190  4.3968690526688e-03
150 190 -2.4037093002257e-03
189 190 -7.8587023973693e-03
190 190  2.8797029049602e-02
191 190 -8.5150282123303e-03
230 190 -1.9223712511563e-03
231 190  3.7367354074942e-03
232 190 -1.8747831031211e-03
149 191 -2.2173857363495e-03
150 191  4.7565127847228e-03
151 191 -2.5883569323194e-03
190 191 -8.5150282123303e-03
191 191  3.1162733534193e-02
192 191 -9.2161260099857e-03
231 191 -2.0765605770916e-03
232 191  4.0582354300035e-03
233 191 -2.0381970312028e-03
150 192 -2.4005974323909e-03
151 192  5.1395588572596e-03
152 192 -2.7849777581461e-03
191 192 -9.2161260099857e-03
192 192  3.3690181481293e-02
193 192 -9.9645824161507e-03
232 192 -2.2415207968273e-03
233 192  4.4020075619820e-03
234 192 -2.2133608535223e-03
151 193 -2.5960778092922e-03
152 193  5.5473122558252e-03
153 193 -2.9942495260729e-03
192 193 -9.9645824161507e-03
193 193  3.6388613758845e-02
194 193 -1.0763110913758e-02
233 193 -2.4179223661620e-03
234 193  4.7694049317309e-03
235 193 -2.4009442661650e-03
152 194 -2.8044732631941e-03
153 194  5.9811392815312e-03
154 194 -3.2168797556550e-03
193 194 -1.0763110913758e-02
194 194  3.9267715930343e-02
195 194 -1.1614551824883e-02
234 194 -2.6064676375885e-03
235 194  5.1618469616195e-03
236 194 -2.6016513872508e-03
153 195 -3.0264624373039e-03
154 195  6.4424695803940e-03
155 195 -3.4536074106114e-03
194 195 -1.1614551824883e-02
195 195  4.2337633518992e-02
196 195 -1.2521880847799e-02
235 195 -2.8078908038419e-03
236 195  5.5808215187340e-03
237 195 -2.8162230876417e-03
154 196 -3.2627576841511e-03
155 196  6.9327987150670e-03
156 196 -3.7052039747980e-03
195 196 -1.2521880847799e-02
196 196  4.5608991832372e-02
197 196 -1.3488211851019e-02
236 196 -3.0229603949151e-03
237 196  6.0278876296234e-03
238 196 -3.0454373653607e-03
155 197 -3.5141062434782e-03
156 197  7.4536910563496e-03
157 197 -3.9724753991653e-03
196 197 -1.3488211851019e-02
197 197  4.9092913364370e-02
198 197 -1.4516803715966e-02
237 197 -3.2524797486638e-03
238 197  6.5046775493957e-03
239 197 -3.2901110217847e-03
156 198 -3.7812918261467e-03
157 198  8.0067818752595e-03
158 198 -4.2562624667467e-03
197 198 -1.4516803715966e-02
198 198  5.2801032729961e-02
199 198 -1.5611061920224e-02
238 198 -3.4972887960115e-03
239 198  7.0128993314437e-03
240 198 -3.5511005660146e-03
157 199 -4.0651350619597e-03
158 199  8.5937811160396e-03
159 199 -4.5574443166280e-03
198 199 -1.5611061920224e-02
199 199  5.6745522544216e-02
200 199 -1.6774551822245e-02
239 199 -3.7582650397731e-03
240 199  7.5543398649763e-03
241 199 -3.8293041893252e-03
158 200 -4.3664967701657e-03
159 200  9.2164762354939e-03
160 200 -4.8769379029057e-03
199 200 -1.6774551822245e-02
200 200  6.0939112443254e-02
201 200 -1.8010996096203e-02
240 200 -4.0363257926758e-03
241 200  8.1308676523128e-03
242 200 -4.1256625031784e-03
159 201 -4.6862773088325e-03
160 201  9.8767354406876e-03
161 201 -5.2157019556174e-03
200 201 -1.8010996096203e-02
201 201  6.5395113980171e-02
202 201 -1.9324291633410e-02
241 201 -4.3324289100429e-03
242 201  8.7444365958415e-03
243 201 -4.4411614403598e-03
160 202 -5.0254204462414e-03
161 202  1.0576512019550e-02
162 202 -5.5747374121527e-03
201 202 -1.9324291633410e-02
202 202  7.0127444763087e-02
203 202 -2.0718506352718e-02
242 202 -4.6475759559973e-03
243 202  9.3970884425729e-03
244 202 -4.7768316829535e-03
161 203 -5.3849136021772e-03
162 203  1.0963242271419e-02
163 203 -5.5938396830095e-03
202 203 -2.0718506352718e-02
203 203  7.2408857074628e-02
204 203 -2.0628488156262e-02
243 203 -4.9828116369147e-03
244 203  9.6684406080388e-03
245 203 -4.7184672049756e-03
162 204 -5.4160331868287e-03
163 204  6.1988201983092e-03
203 204 -2.0628488156262e-02
204 204  4.0767615686622e-02
244 204 -4.9073352050065e-03
245 204  5.4211620973752e-03
205 205  1.0000000000000e+00
206 206  1.0000000000000e+00
166 207  4.3060512229503e-03
167 207 -3.9064994656880e-03
207 207  2.8585636396360e-02
208 207 -1.4467359168330e-02
248 207  3.8382212021026e-03
249 207 -3.3331352891502e-03
166 208 -3.7515442217971e-03
167 208  7.6792214711144e-03
168 208 -3.9551192555655e-03
207 208 -1.4467359168330e-02
208 208  5.1154524365885e-02
209 208 -1.4735755503236e-02
248 208 -3.4893514210421e-03
249 208  6.8892589819249e-03
250 208 -3.4162069759785e-03
167 209 -3.7885843893966e-03
168 209  7.4836141848645e-03
169 209 -3.7183127951214e-03
208 209 -1.4735755503236e-02
209 209  5.0004337482831e-02
210 209 -1.3806162917094e-02
249 209 -3.5872709260998e-03
250 209  6.7510228510992e-03
251 209 -3.1898964815821e-03
168 210 -3.5520450615073e-03
169 210  7.0220676787356e-03
170 210 -3.4950186205671e-03
209 210 -1.3806162917094e-02
210 210  4.6850914975004e-02
211 210 -1.2930746145708e-02
250 210 -3.3606842856949e-03
251 210  6.3098088302450e-03
252 210 -2.9772039587518e-03
169 211 -3.3289534114074e-03
170 211  6.5866758780327e-03
171 211 -3.2845782496755e-03
210 211 -1.2930746145708e-02
211 211  4.3882650643325e-02
212 211 -1.2106752402379e-02
251 211 -3.1477820913791e-03
252 211  5.8950176746987e-03
253 211 -2.7774171634892e-03
170 212 -3.1186393032824e-03
171 212  6.1761265598996e-03
172 212 -3.0863641879874e-03
211 212 -1.2106752402379e-02
212 212  4.1090163533452e-02
213 212 -1.1331552504799e-02
252 212 -2.9478639795711e-03
253 212  5.5052510857471e-03
254 212 -2.5898550747142e-03
171 213 -2.9204621042511e-03
172 213  5.7891632346449e-03
173 213 -2.8997768932505e-03
212 213 -1.1331552504799e-02
213 213  3.8464482664849e-02
214 213 -1.0602625167938e-02
253 213 -2.7602623810146e-03
254 213  5.1391693366027e-03
255 213 -2.4138644394778e-03
172 214 -2.7338073793888e-03
173 214  5.4245822172537e-03
174 214 -2.7242453960378e-03
213 214 -1.0602625167938e-02
214 214  3.5997030359331e-02
215 214 -9.9175627508089e-03
254 214 -2.5843392503611e-03
255 214  4.7954893790843e-03
256 214 -2.2488213592449e-03
173 215 -2.5580871616150e-03
174 215  5.0812311998822e-03
175 215 -2.5592257186259e-03
214 215 -9.9175627508089e-03
215 215  3.3679613552220e-02
216 215 -9.2740601534970e-03
255 215 -2.4194880649759e-03
256 215  4.4729831200540e-03
257 215 -2.0941280652479e-03
174 216 -2.3927383071249e-03
175 216  4.7580061777429e-03
176 216 -2.4041999242908e-03
215 216 -9.2740601534970e-03
216 216  3.1504402860573e-02
217 216 -8.6699135174988e-03
256 216 -2.2651305941390e-03
257 216  4.1704740035029e-03
258 216 -1.9492128646619e-03
175 217 -2.2372210924808e-03
176 217  4.4538491159399e-03
177 217 -2.2586754511513e-03
216 217 -8.6699135174988e-03
