%%MatrixMarket matrix coordinate real general
3251 3251 66647
1 1  9.4696517846746e+05
3 1  4.7348256357034e+05
4 1  1.1095385746289e+05
6 1  5.5476925093592e+04
25 1 -3.5527136788005e-15
27 1  4.4388991742827e+00
136 1 -2.3674128847125e+05
143 1 -2.7738463436669e+04
2 2  1.1363581944644e+07
5 2  1.3314462913691e+06
25 2  7.1054273576010e-15
26 2  1.7755596697131e+01
135 2  1.4204477206598e+06
142 2  1.6643078277043e+05
1 3  4.7348256357034e+05
3 3  3.7878606872147e+06
4 3  5.5476925538037e+04
6 3  4.4381542630392e+05
25 3  1.0658141036401e-14
26 3  1.4210854715202e-14
27 3  1.7755596697131e+01
136 3  4.7348256348120e+05
143 3  5.5476924637283e+04
1 4  1.1095385746289e+05
3 4  5.5476925538037e+04
4 4  4.1462390666106e+05
6 4  2.0731194060239e+05
7 4  9.5888752466413e+04
9 4  4.7944373059831e+04
10 4 -4.5174654477554e+04
12 4 -2.2587325612368e+04
25 4 -8.8207428333334e-01
26 4  8.8817841970013e-15
27 4 -5.2009621018029e+00
28 4  8.8207428333334e-01
29 4 -6.2172489379009e-15
30 4  7.1401115873692e+00
136 4 -2.7738463658891e+04
143 4 -1.0365597361213e+05
145 4 -2.3972187297203e+04
154 4  1.1293663212680e+04
2 5  1.3314462913691e+06
5 5  4.9754867643722e+06
8 5  1.1506650360045e+06
11 5 -5.4209584722921e+05
25 5 -7.1054273576010e-15
26 5  4.1607696799932e+00
27 5 -2.8421709430404e-14
28 5  1.2434497875802e-14
29 5  3.5958282620007e+00
30 5  1.2789769243682e-13
135 5  1.6643078410376e+05
142 5  6.2193583438878e+05
144 5  1.4383312624399e+05
153 5 -6.7761979344210e+04
1 6  5.5476925093592e+04
3 6  4.4381542630392e+05
4 6  2.0731194060239e+05
6 6  1.6584956133505e+06
7 6  4.7944373504275e+04
9 6  3.8355500677776e+05
10 6 -2.2587325723480e+04
12 6 -1.8069861623896e+05
25 6 -3.5282971333333e+00
26 6 -9.3366604958161e+00
27 6 -2.0803848407212e+01
28 6  3.5282971333334e+00
29 6  9.3366604958161e+00
30 6  2.8560446349206e+01
136 6  5.5476925970616e+04
143 6  2.0731194053461e+05
145 6  4.7944372597884e+04
154 6 -2.2587325483112e+04
4 7  9.5888752466413e+04
6 7  4.7944373504275e+04
7 7  7.2279448316330e+05
9 7  3.6139721650435e+05
10 7  8.4809861094420e+04
12 7  4.2404926992730e+04
28 7  1.1546319456102e-14
29 7  5.3290705182007e-15
30 7  3.3880990413762e+00
143 7 -2.3972187519425e+04
145 7 -1.8069861472568e+05
154 7 -2.1202464355063e+04
5 8  1.1506650360045e+06
8 8  8.6735336007772e+06
11 8  1.0177183355148e+06
29 8  1.3552396160612e+01
30 8 -8.5265128291212e-14
142 8  1.4383312757732e+05
144 8  1.0841916777454e+06
153 8  1.2721478829149e+05
4 9  4.7944373059831e+04
6 9  3.8355500677776e+05
7 9  3.6139721650435e+05
9 9  2.8911779057449e+06
10 9  4.2404927437175e+04
12 9  3.3923944078057e+05
28 9  7.1054273576010e-15
30 9  1.3552396160612e+01
143 9  4.7944373931218e+04
145 9  3.6139721614173e+05
154 9  4.2404926493206e+04
4 10 -4.5174654477554e+04
6 10 -2.2587325723480e+04
7 10  8.4809861094420e+04
9 10  4.2404927437175e+04
10 10  3.1690988936389e+05
12 10  1.5845493225423e+05
13 10  7.3294538251098e+04
15 10  3.6647266020959e+04
16 10 -3.4578621189960e+04
18 10 -1.7289309004504e+04
28 10 -7.8016029750002e-01
29 10 -4.6811265974611e-10
30 10 -9.4955200227117e+00
31 10  7.8016029750000e-01
32 10  4.6809711662377e-10
33 10  1.0977748786272e+01
143 10  1.1293663268236e+04
145 10 -2.1202464577285e+04
154 10 -7.9227469343199e+04
156 10 -1.8323633757337e+04
165 10  8.6446549035062e+03
5 11 -5.4209584722921e+05
8 11  1.0177183355148e+06
11 11  3.8029185568974e+06
14 11  8.7953446629114e+05
17 11 -4.1494344824687e+05
28 11 -7.1054273576010e-15
29 11  3.1803698190665e+00
30 11 -2.2737367544323e-13
31 11  1.3322676295502e-15
32 11  2.7485452328407e+00
33 11  1.4210854715202e-14
142 11 -6.7761979677543e+04
144 11  1.2721478962483e+05
153 11  4.7536480859412e+05
155 11  1.0994180507133e+05
164 11 -5.1867929533298e+04
4 12 -2.2587325612368e+04
6 12 -1.8069861623896e+05
7 12  4.2404926992730e+04
9 12  3.3923944078057e+05
10 12  1.5845493225423e+05
12 12  1.2676395442351e+06
13 12  3.6647266465403e+04
15 12  2.9317814995181e+05
16 12 -1.7289309115615e+04
18 12 -1.3831448318520e+05
28 12 -3.1206411886666e+00
29 12 -7.3038010719262e+00
30 12 -3.7982080074889e+01
31 12  3.1206411886666e+00
32 12  7.3038010719262e+00
33 12  4.3910995126797e+01
143 12 -2.2587325816445e+04
145 12  4.2404927826540e+04
154 12  1.5845493211119e+05
156 12  3.6647265547703e+04
165 12 -1.7289308894327e+04
10 13  7.3294538251098e+04
12 13  3.6647266465403e+04
13 13  5.5325795080530e+05
15 13  2.7662895087220e+05
16 13  6.5019942051257e+04
18 13  3.2509967546094e+04
31 13 -4.4408920985006e-15
32 13  1.7763568394003e-15
33 13  2.5933965465136e+00
154 13 -1.8323633979559e+04
156 13 -1.3831448187604e+05
165 13 -1.6254984631207e+04
11 14  8.7953446629114e+05
14 14  6.6390952194351e+06
17 14  7.8023930886639e+05
31 14 -1.7763568394003e-14
32 14  1.0373586189813e+01
33 14 -2.8421709430404e-13
153 14  1.0994180640466e+05
155 14  8.2988688136136e+05
164 14  9.7529910166448e+04
10 15  3.6647266020959e+04
12 15  2.9317814995181e+05
13 15  2.7662895087220e+05
15 15  2.2130317784484e+06
16 15  3.2509967990538e+04
18 15  2.6007976495906e+05
31 15 -5.3290705182007e-15
32 15 -1.4210854715202e-14
33 15  1.0373586189812e+01
154 15  3.6647266881037e+04
156 15  2.7662895101255e+05
165 15  3.2509967134195e+04
10 16 -3.4578621189960e+04
12 16 -1.7289309115615e+04
13 16  6.5019942051257e+04
15 16  3.2509967990538e+04
16 16  2.4294683241182e+05
18 16  1.2147340407258e+05
19 16  5.6191656657436e+04
21 16  2.8095825293267e+04
22 16 -2.6550798092071e+04
24 16 -1.3275397497884e+04
31 16 -6.9208399883334e-01
32 16  4.1524117477820e-10
33 16 -1.2176662264585e+01
34 16  6.9208399883334e-01
35 16 -4.1524206295662e-10
36 16  1.3313021024246e+01
154 16  8.6446549590618e+03
156 16 -1.6254984853429e+04
165 16 -6.0736705220989e+04
167 16 -1.4047913384271e+04
176 16  6.6376991386903e+03
11 17 -4.1494344824687e+05
14 17  7.8023930886639e+05
17 17  2.9153618761522e+06
20 17  6.7429988863644e+05
23 17 -3.1860957138410e+05
31 17  3.5527136788005e-15
32 17  2.4382478620655e+00
33 17  5.6843418860808e-14
34 17 -1.2878587085652e-14
35 17  2.1071871790357e+00
36 17 -3.1263880373444e-13
153 17 -5.1867929866631e+04
155 17  9.7529911499781e+04
164 17  3.6442022409353e+05
166 17  8.4287482989978e+04
175 17 -3.9826194958882e+04
10 18 -1.7289309004504e+04
12 18 -1.3831448318520e+05
13 18  3.2509967546094e+04
15 18  2.6007976495906e+05
16 18  1.2147340407258e+05
18 18  9.7178731738481e+05
19 18  2.8095825737711e+04
21 18  2.2476662377553e+05
22 18 -1.3275397608995e+04
24 18 -1.0620319083071e+05
31 18 -2.7683359966667e+00
32 18 -5.7477631422765e+00
33 18 -4.8706649081328e+01
34 18  2.7683359966667e+00
35 18  5.7477631422765e+00
36 18  5.3252084122428e+01
154 18 -1.7289309227660e+04
156 18  3.2509968467528e+04
165 18  1.2147340413904e+05
167 18  2.8095824860709e+04
176 18 -1.3275397385649e+04
16 19  5.6191656657436e+04
18 19  2.8095825737711e+04
19 19  4.2481278179049e+05
21 19  2.1240636706090e+05
22 19  5.0011531128278e+04
24 19  2.5005762184763e+04
34 19  5.7731597280508e-15
35 19  3.5527136788005e-15
36 19  1.9913098178911e+00
165 19 -1.4047913606493e+04
167 19 -1.0620318974236e+05
176 19 -1.2502881913737e+04
17 20  6.7429988863644e+05
20 20  5.0977531919442e+06
23 20  6.0013837856969e+05
34 20  2.8421709430404e-14
35 20  7.9652392719700e+00
36 20 -1.7053025658242e-13
164 20  8.4287484323312e+04
166 20  6.3721912818771e+05
175 20  7.5017293887599e+04
16 21  2.8095825293267e+04
18 21  2.2476662377553e+05
19 21  2.1240636706090e+05
21 21  1.6992511024405e+06
22 21  2.5005762629208e+04
24 21  2.0004612121703e+05
34 21  5.3290705182007e-15
35 21  2.1316282072803e-14
36 21  7.9652392719701e+00
165 21  2.8095826194043e+04
167 21  2.1240636698893e+05
176 21  2.5005761723936e+04
16 22 -2.6550798092071e+04
18 22 -1.3275397608995e+04
19 22  5.0011531128278e+04
21 22  2.5005762629208e+04
22 22  1.8685627742792e+05
24 22  9.3428126947809e+04
34 22 -6.1596653400000e-01
35 22 -9.7699626167014e-15
36 22 -1.3724247665386e+01
37 22  4.3221059122147e+04
39 22  2.1610526610731e+04
40 22  6.1596653400000e-01
41 22 -4.4408920985006e-16
42 22  1.4598303223625e+01
43 22 -2.0456578443748e+04
45 22 -1.0228287720677e+04
165 22  6.6376991942459e+03
167 22 -1.2502882135959e+04
176 22 -4.6714066534385e+04
178 22 -1.0805264014087e+04
187 22  5.1141442359537e+03
17 23 -3.1860957138410e+05
20 23  6.0013837856969e+05
23 23  2.2422752159757e+06
34 23 -7.1054273576010e-15
35 23  1.8754324563403e+00
36 23 -1.1368683772162e-13
38 23  5.1865271918556e+05
40 23 -1.5543122344752e-14
41 23  1.6207897760623e+00
42 23 -4.1211478674086e-13
44 23 -2.4547893589293e+05
164 23 -3.9826195292216e+04
166 23  7.5017295220931e+04
175 23  2.8028439168091e+05
177 23  6.4831586833082e+04
186 23 -3.0684865549447e+04
16 24 -1.3275397497884e+04
18 24 -1.0620319083071e+05
19 24  2.5005762184763e+04
21 24  2.0004612121703e+05
22 24  9.3428126947809e+04
24 24  7.4742509741950e+05
34 24 -2.4638661360000e+00
35 24 -4.5529772520956e+00
36 24 -5.4896990661745e+01
37 24  2.1610527055175e+04
39 24  1.7288423362571e+05
40 24  2.4638661360000e+00
41 24  4.5529772520956e+00
42 24  5.8393212894148e+01
43 24 -1.0228287831788e+04
45 24 -8.1826312258837e+04
165 24 -1.3275397718983e+04
167 24  2.5005763057269e+04
176 24  9.3428126884151e+04
178 24  2.1610526147448e+04
187 24 -1.0228287599863e+04
1 25 -3.5527136788005e-15
2 25  7.1054273576010e-15
3 25  1.0658141036401e-14
4 25 -8.8207428333334e-01
5 25 -7.1054273576010e-15
6 25 -3.5282971333333e+00
25 25  0.0000000000000e+00
135 25 -4.7170286673333e+00
136 25 -4.7170286666667e-01
142 25 -1.1792571665000e+00
143 25 -1.0000000000000e+00
2 26  1.7755596697131e+01
3 26  1.4210854715202e-14
4 26  8.8817841970013e-15
5 26  4.1607696799932e+00
6 26 -9.3366604958161e+00
26 26  0.0000000000000e+00
135 26 -2.2194495871414e+01
136 26 -2.6633395041838e+00
142 26 -5.2009620999915e+00
143 26 -5.2924457000000e+00
1 27  4.4388991742827e+00
3 27  1.7755596697131e+01
4 27 -5.2009621018029e+00
5 27 -2.8421709430404e-14
6 27 -2.0803848407212e+01
27 27  0.0000000000000e+00
135 27 -1.6687769587276e+01
136 27  2.7701222156966e+00
142 27 -8.3438847915156e+00
143 27 -6.0353505810252e+00
4 28  8.8207428333334e-01
5 28  1.2434497875802e-14
6 28  3.5282971333334e+00
7 28  1.1546319456102e-14
9 28  7.1054273576010e-15
10 28 -7.8016029750002e-01
11 28 -7.1054273576010e-15
12 28 -3.1206411886666e+00
28 28  0.0000000000000e+00
142 28 -1.0191398645000e+00
143 28  7.8016029683334e-01
144 28 -4.0765594460000e+00
145 28 -4.0765594466669e-01
153 28 -1.0191398585000e+00
154 28 -8.8207428266667e-01
4 29 -6.2172489379009e-15
5 29  3.5958282620007e+00
6 29  9.3366604958161e+00
7 29  5.3290705182007e-15
8 29  1.3552396160612e+01
10 29 -4.6811265974611e-10
11 29  3.1803698190665e+00
12 29 -7.3038010719262e+00
29 29  0.0000000000000e+00
142 29 -4.4947853275687e+00
143 29  4.1289560083475e+00
144 29 -1.6940495201988e+01
145 29 -2.0328594244325e+00
153 29 -3.9754622742408e+00
154 29 -4.1289560073368e+00
4 30  7.1401115873692e+00
5 30  1.2789769243682e-13
6 30  2.8560446349206e+01
7 30  3.3880990413762e+00
8 30 -8.5265128291212e-14
9 30  1.3552396160612e+01
10 30 -9.4955200227117e+00
11 30 -2.2737367544323e-13
12 30 -3.7982080074889e+01
30 30  0.0000000000000e+00
142 30 -7.2109679408064e+00
143 30  6.4190147927583e+00
144 30 -4.1307624351222e+01
145 30 -7.4266339678633e-01
153 30 -1.3442844223798e+01
154 30 -1.0839804436934e+01
10 31  7.8016029750000e-01
11 31  1.3322676295502e-15
12 31  3.1206411886666e+00
13 31 -4.4408920985006e-15
14 31 -1.7763568394003e-14
15 31 -5.3290705182007e-15
16 31 -6.9208399883334e-01
17 31  3.5527136788005e-15
18 31 -2.7683359966667e+00
31 31  0.0000000000000e+00
153 31 -8.8076297999995e-01
154 31  6.9208399883333e-01
155 31 -3.5230519200000e+00
156 31 -3.5230519200000e-01
164 31 -8.8076298000006e-01
165 31 -7.8016029750000e-01
10 32  4.6809711662377e-10
11 32  2.7485452328407e+00
12 32  7.3038010719262e+00
13 32  1.7763568394003e-15
14 32  1.0373586189813e+01
15 32 -1.4210854715202e-14
16 32  4.1524117477820e-10
17 32  2.4382478620655e+00
18 32 -5.7477631422765e+00
32 32  0.0000000000000e+00
153 32 -3.4356815412270e+00
154 32  3.2396187496327e+00
155 32 -1.2966982736326e+01
156 32 -1.5560379284718e+00
164 32 -3.0478098271709e+00
165 32 -3.2396187516939e+00
10 33  1.0977748786272e+01
11 33  1.4210854715202e-14
12 33  4.3910995126797e+01
13 33  2.5933965465136e+00
14 33 -2.8421709430404e-13
15 33  1.0373586189812e+01
16 33 -1.2176662264585e+01
17 33  5.6843418860808e-14
18 33 -4.8706649081328e+01
33 33  0.0000000000000e+00
153 33 -1.1617600307387e+01
154 33  9.8159887463873e+00
155 33 -5.5779322352814e+01
156 33 -2.9845356868890e+00
164 33 -1.6272060869020e+01
165 33 -1.3803868362981e+01
16 34  6.9208399883334e-01
17 34 -1.2878587085652e-14
18 34  2.7683359966667e+00
19 34  5.7731597280508e-15
20 34  2.8421709430404e-14
21 34  5.3290705182007e-15
22 34 -6.1596653400000e-01
23 34 -7.1054273576010e-15
24 34 -2.4638661360000e+00
34 34  0.0000000000000e+00
164 34 -7.6117464833327e-01
165 34  6.1596653466666e-01
166 34 -3.0446986066666e+00
167 34 -3.0446986066667e-01
175 34 -7.6117465500007e-01
176 34 -6.9208399950000e-01
16 35 -4.1524206295662e-10
17 35  2.1071871790357e+00
18 35  5.7477631422765e+00
19 35  3.5527136788005e-15
20 35  7.9652392719700e+00
21 35  2.1316282072803e-14
22 35 -9.7699626167014e-15
23 35  1.8754324563403e+00
24 35 -4.5529772520956e+00
35 35  0.0000000000000e+00
164 35 -2.6339839735915e+00
165 35  2.5578034955287e+00
166 35 -9.9565490898609e+00
167 35 -1.1947858907955e+00
175 35 -2.3442905704765e+00
176 35 -2.5578034944989e+00
16 36  1.3313021024246e+01
17 36 -3.1263880373444e-13
18 36  5.3252084122428e+01
19 36  1.9913098178911e+00
20 36 -1.7053025658242e-13
21 36  7.9652392719701e+00
22 36 -1.3724247665386e+01
23 36 -1.1368683772162e-13
24 36 -5.4896990661745e+01
36 36  0.0000000000000e+00
164 36 -1.4062671214463e+01
165 36  1.1906753915522e+01
166 36 -6.3203327320444e+01
167 36 -4.3290229139507e+00
175 36 -1.7538992454895e+01
176 36 -1.5478146910976e+01
22 37  4.3221059122147e+04
24 37  2.1610527055175e+04
37 37  3.2730526775389e+05
39 37  1.6365261079519e+05
40 37 -2.2204460492503e-15
41 37 -2.6645352591004e-15
42 37  1.5342433472714e+00
43 37  3.8605249925536e+04
45 37  1.9302621686099e+04
176 37 -1.0805264236310e+04
178 37 -8.1826311374462e+04
187 37 -9.6513116367895e+03
23 38  5.1865271918556e+05
38 38  3.9276630246604e+06
40 38  1.5987211554602e-14
41 38  6.1369733862790e+00
42 38  6.2527760746889e-13
44 38  4.6326300547694e+05
175 38  6.4831588166416e+04
177 38  4.9095785764634e+05
186 38  5.7907872334386e+04
22 39  2.1610526610731e+04
24 39  1.7288423362571e+05
37 39  1.6365261079519e+05
39 39  1.3092210465147e+06
40 39 -3.5527136788005e-15
41 39 -1.4210854715202e-14
42 39  6.1369733862786e+00
43 39  1.9302622130544e+04
45 39  1.5442099650040e+05
176 39  2.1610527480782e+04
178 39  1.6365261054653e+05
187 39  1.9302621221684e+04
22 40  6.1596653400000e-01
23 40 -1.5543122344752e-14
24 40  2.4638661360000e+00
37 40 -2.2204460492503e-15
38 40  1.5987211554602e-14
39 40 -3.5527136788005e-15
40 40  0.0000000000000e+00
43 40 -5.5018415433333e-01
44 40 -2.4868995751604e-14
45 40 -2.2007366173333e+00
175 40 -6.5782379666662e-01
176 40  5.5018415433334e-01
177 40 -2.6312951866667e+00
178 40 -2.6312951866667e-01
186 40 -6.5782379666659e-01
187 40 -6.1596653400001e-01
22 41 -4.4408920985006e-16
23 41  1.6207897760623e+00
24 41  4.5529772520956e+00
37 41 -2.6645352591004e-15
38 41  6.1369733862790e+00
39 41 -1.4210854715202e-14
41 41  0.0000000000000e+00
44 41  1.4476969170772e+00
45 41 -3.6324312441538e+00
175 41 -2.0259872201651e+00
176 41  2.0333701596385e+00
177 41 -7.6712167335505e+00
178 41 -9.2054600794185e-01
186 41 -1.8096211464344e+00
187 41 -2.0333701596386e+00
22 42  1.4598303223625e+01
23 42 -4.1211478674086e-13
24 42  5.8393212894148e+01
37 42  1.5342433472714e+00
38 42  6.2527760746889e-13
39 42  6.1369733862786e+00
42 42  0.0000000000000e+00
43 42 -1.4486968809874e+01
44 42 -5.6843418860808e-13
45 42 -5.7947875239845e+01
175 42 -1.5157581159069e+01
176 42  1.3082545107542e+01
177 42 -6.5823110405814e+01
178 42 -5.0480676947134e+00
186 42 -1.7753974043834e+01
187 42 -1.6262366214433e+01
22 43 -2.0456578443748e+04
24 43 -1.0228287831788e+04
37 43  3.8605249925536e+04
39 43  1.9302622130544e+04
40 43 -5.5018415433333e-01
42 43 -1.4486968809874e+01
43 43  1.4422961070765e+05
45 43  7.2114793970158e+04
46 43  3.3363501740855e+04
48 43  1.6681748007753e+04
49 43  5.5018415433333e-01
50 43  3.3306690738755e-15
51 43  1.5161675884423e+01
52 43 -1.5819888727496e+04
54 43 -7.9099429125136e+03
176 43  5.1141442915093e+03
178 43 -9.6513118590117e+03
187 43 -3.6057399943938e+04
189 43 -8.3408746909139e+03
198 43  3.9549718183344e+03
23 44 -2.4547893589293e+05
38 44  4.6326300547694e+05
40 44 -2.4868995751604e-14
41 44  1.4476969170772e+00
42 44 -5.6843418860808e-13
44 44  1.7307552160462e+06
47 44  4.0036203207284e+05
49 44 -1.5543122344752e-14
50 44  1.2511313806155e+00
51 44 -3.9790393202566e-13
53 44 -1.8983865968132e+05
175 44 -3.0684865882781e+04
177 44  5.7907873667719e+04
186 44  2.1634439200925e+05
188 44  5.0045251029129e+04
197 44 -2.3729831062789e+04
22 45 -1.0228287720677e+04
24 45 -8.1826312258837e+04
37 45  1.9302621686099e+04
39 45  1.5442099650040e+05
40 45 -2.2007366173333e+00
41 45 -3.6324312441538e+00
42 45 -5.7947875239845e+01
43 45  7.2114793970158e+04
45 45  5.7691843090732e+05
46 45  1.6681748452197e+04
48 45  1.3345400420824e+05
49 45  2.2007366173333e+00
50 45  3.6324312441538e+00
51 45  6.0646703537538e+01
52 45 -7.9099430236247e+03
54 45 -6.3279553438227e+04
176 45 -1.0228287933197e+04
178 45  1.9302622555017e+04
187 45  7.2114793898748e+04
189 45  1.6681747550092e+04
198 45 -7.9099427894766e+03
43 46  3.3363501740855e+04
45 46  1.6681748452197e+04
46 46  2.5311823264220e+05
48 46  1.2655909402846e+05
49 46 -4.4408920985006e-16
50 46  1.7763568394003e-15
51 46  1.1864916214838e+00
52 46  2.9916048274341e+04
54 46  1.4958020972685e+04
187 46 -8.3408749131361e+03
189 46 -6.3279552788724e+04
198 46 -7.4790112476159e+03
44 47  4.0036203207284e+05
47 47  3.0374186063382e+06
49 47  2.3092638912203e-14
50 47  4.7459664832064e+00
51 47  6.2527760746889e-13
53 47  3.5899258707330e+05
186 47  5.0045252362463e+04
188 47  3.7967730606926e+05
197 47  4.4874070107964e+04
43 48  1.6681748007753e+04
45 48  1.3345400420824e+05
46 48  1.2655909402846e+05
48 48  1.0124729069338e+06
49 48  1.0658141036401e-14
50 48  1.7763568394003e-14
51 48  4.7459664832068e+00
52 48  1.4958021417130e+04
54 48  1.1966418996552e+05
187 48  1.6681748883425e+04
189 48  1.2655909379733e+05
198 48  1.4958020493755e+04
43 49  5.5018415433333e-01
44 49 -1.5543122344752e-14
45 49  2.2007366173333e+00
46 49 -4.4408920985006e-16
47 49  2.3092638912203e-14
48 49  1.0658141036401e-14
49 49  0.0000000000000e+00
52 49 -4.9333358183333e-01
53 49  2.4868995751604e-14
54 49 -1.9733343260000e+00
186 49 -5.6850573166672e-01
187 49  4.9333358116668e-01
188 49 -2.2740229133335e+00
189 49 -2.2740229133333e-01
197 49 -5.6850572499995e-01
198 49 -5.5018415366668e-01
43 50  3.3306690738755e-15
44 50  1.2511313806155e+00
45 50  3.6324312441538e+00
46 50  1.7763568394003e-15
47 50  4.7459664832064e+00
48 50  1.7763568394003e-14
50 50  0.0000000000000e+00
52 50 -2.9600188966583e-10
53 50  1.1218518614425e+00
54 50 -2.9205362720220e+00
186 50 -1.5639142258072e+00
187 50  1.6285459149846e+00
188 50 -5.9324581046903e+00
189 50 -7.1189497248091e-01
197 50 -1.4023148270304e+00
198 50 -1.6285459143394e+00
43 51  1.5161675884423e+01
44 51 -3.9790393202566e-13
45 51  6.0646703537538e+01
46 51  1.1864916214838e+00
47 51  6.2527760746889e-13
48 51  4.7459664832068e+00
51 51  0.0000000000000e+00
52 51 -1.4716870576408e+01
53 51  7.9580786405131e-13
54 51 -5.8867482266009e+01
186 51 -1.5343373190772e+01
187 51  1.3627338565270e+01
188 51 -6.5251877551909e+01
189 51 -5.3386961350710e+00
197 51 -1.7282565578359e+01
198 51 -1.6445127114433e+01
43 52 -1.5819888727496e+04
45 52 -7.9099430236247e+03
46 52  2.9916048274341e+04
48 52  1.4958021417130e+04
49 52 -4.9333358183333e-01
50 52 -2.9600188966583e-10
51 52 -1.4716870576408e+01
52 52  1.1175847763077e+05
54 52  5.5879227847310e+04
55 52  2.5854103278985e+04
57 52  1.2927048872965e+04
58 52  4.9333358183334e-01
59 52  2.9600322193346e-10
60 52  1.5239715778378e+01
61 52 -1.2283344934341e+04
63 52 -6.1416710690724e+03
187 52  3.9549718738900e+03
189 52 -7.4790114698382e+03
198 52 -2.7939616767157e+04
200 52 -6.4635250970705e+03
209 52  3.0708358831689e+03
44 53 -1.8983865968132e+05
47 53  3.5899258707330e+05
49 53  2.4868995751604e-14
50 53  1.1218518614425e+00
51 53  7.9580786405131e-13
53 53  1.3411016195750e+06
56 53  3.1024925206912e+05
58 53 -2.3536728122053e-14
59 53  9.6952894513441e-01
60 53 -7.3896444519050e-13
62 53 -1.4740013462433e+05
186 53 -2.3729831396122e+04
188 53  4.4874071441297e+04
197 53  1.6763769276102e+05
199 53  3.8781153602297e+04
208 53 -1.8425015480038e+04
43 54 -7.9099429125136e+03
45 54 -6.3279553438227e+04
46 54  1.4958020972685e+04
48 54  1.1966418996552e+05
49 54 -1.9733343260000e+00
50 54 -2.9205362720220e+00
51 54 -5.8867482266009e+01
52 54  5.5879227847310e+04
54 54  4.4703389892952e+05
55 54  1.2927049317410e+04
57 54  1.0341641044048e+05
58 54  1.9733343260000e+00
59 54  2.9205362720220e+00
60 54  6.0958863072586e+01
61 54 -6.1416711801835e+03
63 54 -4.9133378326534e+04
187 54 -7.9099431228100e+03
189 54  1.4958021827088e+04
198 54  5.5879227744759e+04
200 54  1.2927048409196e+04
209 54 -6.1416709480542e+03
52 55  2.5854103278985e+04
54 55  1.2927049317410e+04
55 55  1.9653353244862e+05
57 55  9.8266744764402e+04
58 55 -5.3290705182007e-15
60 55  9.2125084042273e-01
61 55  2.3279271369802e+04
63 55  1.1639632636813e+04
198 55 -6.4635253192927e+03
200 55 -4.9133377970106e+04
209 55 -5.8198170523494e+03
53 56  3.1024925206912e+05
56 56  2.3584022082262e+06
58 56  1.7763568394003e-15
59 56  3.6850033611673e+00
60 56 -1.1368683772162e-13
62 56  2.7935126607390e+05
197 56  3.8781154935631e+04
199 56  2.9480025725749e+05
208 56  3.4918905106898e+04
52 57  1.2927048872965e+04
54 57  1.0341641044048e+05
55 57  9.8266744764402e+04
57 57  7.8613410746150e+05
58 57 -1.7763568394003e-14
59 57 -1.4210854715202e-14
60 57  3.6850033611667e+00
61 57  1.1639633081257e+04
63 57  9.3117082511344e+04
198 57  1.2927049742529e+04
200 57  9.8266744675875e+04
209 57  1.1639632172065e+04
52 58  4.9333358183334e-01
53 58 -2.3536728122053e-14
54 58  1.9733343260000e+00
55 58 -5.3290705182007e-15
56 58  1.7763568394003e-15
57 58 -1.7763568394003e-14
58 58  0.0000000000000e+00
61 58 -4.4420207216667e-01
62 58 -1.5987211554602e-14
63 58 -1.7768082873333e+00
197 58 -4.9131509666662e-01
198 58  4.4420207150000e-01
199 58 -1.9652603866666e+00
200 58 -1.9652603866666e-01
208 58 -4.9131509666678e-01
209 58 -4.9333358116667e-01
52 59  2.9600322193346e-10
53 59  9.6952894513441e-01
54 59  2.9205362720220e+00
56 59  3.6850033611673e+00
57 59 -1.4210854715202e-14
59 59  0.0000000000000e+00
61 59 -2.6652591245124e-10
62 59  8.7297273544925e-01
63 59 -2.3677857678076e+00
197 59 -1.2119111815161e+00
198 59  1.3148387933529e+00
199 59 -4.6062542015901e+00
200 59 -5.5275050417509e-01
208 59 -1.0912159194101e+00
209 59 -1.3148387934217e+00
52 60  1.5239715778378e+01
53 60 -7.3896444519050e-13
54 60  6.0958863072586e+01
55 60  9.2125084042273e-01
56 60 -1.1368683772162e-13
57 60  3.6850033611667e+00
60 60  0.0000000000000e+00
61 60 -1.4594952299894e+01
62 60 -5.1159076974727e-13
63 60 -5.8379809155503e+01
197 60 -1.4935971622983e+01
198 60  1.3746118595616e+01
199 60 -6.2640572782489e+01
200 60 -5.3428064380880e+00
208 60 -1.6384314768264e+01
209 60 -1.6233383754684e+01
52 61 -1.2283344934341e+04
54 61 -6.1416711801835e+03
55 61  2.3279271369802e+04
57 61  1.1639633081257e+04
58 61 -4.4420207216667e-01
59 61 -2.6652591245124e-10
60 61 -1.4594952299894e+01
61 61  8.6958408822272e+04
63 61  4.3479193880434e+04
64 61  2.0118455215686e+04
66 61  1.0059224943223e+04
67 61  4.4420207216667e-01
68 61  2.6652224871526e-10
69 61  1.5001806021623e+01
70 61 -9.5784566740415e+03
72 61 -4.7892269957014e+03
198 61  3.0708359387244e+03
200 61 -5.8198172745716e+03
209 61 -2.1739599675281e+04
211 61 -5.0296131059593e+03
220 61  2.3946138318457e+03
53 62 -1.4740013462433e+05
56 62  2.7935126607390e+05
58 62 -1.5987211554602e-14
59 62  8.7297273544925e-01
60 62 -5.1159076974727e-13
62 62  1.0435007947522e+06
65 62  2.4142147712127e+05
67 62 -8.4376949871512e-15
68 62  7.5444215073585e-01
69 62 -3.3395508580725e-13
71 62 -1.1494147599250e+05
197 62 -1.8425015813371e+04
199 62  3.4918906440231e+04
208 62  1.3043759008105e+05
210 62  3.0177681825131e+04
219 62 -1.4367683201809e+04
52 63 -6.1416710690724e+03
54 63 -4.9133378326534e+04
55 63  1.1639632636813e+04
57 63  9.3117082511344e+04
58 63 -1.7768082873333e+00
59 63 -2.3677857678076e+00
60 63 -5.8379809155503e+01
61 63  4.3479193880434e+04
63 63  3.4783362422913e+05
64 63  1.0059225387668e+04
66 63  8.0473818297610e+04
67 63  1.7768082873333e+00
68 63  2.3677857678076e+00
69 63  6.0007224041689e+01
70 63 -4.7892271068125e+03
72 63 -3.8313825346538e+04
198 63 -6.1416712813875e+03
200 63  1.1639633505399e+04
209 63  4.3479193804755e+04
211 63  1.0059224481232e+04
220 63 -4.7892268755928e+03
61 64  2.0118455215686e+04
63 64  1.0059225387668e+04
64 64  1.5325532089112e+05
66 64  7.6627639891715e+04
67 64  2.6645352591004e-15
68 64  8.8817841970013e-16
69 64  7.1838422491930e-01
70 64  1.8195366167663e+04
72 64  9.0976801609520e+03
209 64 -5.0296133281816e+03
211 64 -3.8313825298119e+04
220 64 -4.5488407821081e+03
62 65  2.4142147712127e+05
65 65  1.8390636725141e+06
67 65  1.1546319456102e-14
68 65  2.8735368992238e+00
69 65 -5.6843418860808e-14
71 65  2.1834440559747e+05
208 65  3.0177683158464e+04
210 65  2.2988294108810e+05
219 65  2.7293047659031e+04
61 66  1.0059224943223e+04
63 66  8.0473818297610e+04
64 66  7.6627639891715e+04
66 66  6.1302126217852e+05
67 66  7.1054273576010e-15
69 66  2.8735368992237e+00
70 66  9.0976806053965e+03
72 66  7.2781461837275e+04
209 66  1.0059225814566e+04
211 66  7.6627639808234e+04
220 66  9.0976796980642e+03
61 67  4.4420207216667e-01
62 67 -8.4376949871512e-15
63 67  1.7768082873333e+00
64 67  2.6645352591004e-15
65 67  1.1546319456102e-14
66 67  7.1054273576010e-15
67 67  0.0000000000000e+00
70 67 -4.0174154583334e-01
71 67  2.4868995751604e-14
72 67 -1.6069661820000e+00
208 67 -4.2460526333332e-01
209 67  4.0174154516667e-01
210 67 -1.6984210533334e+00
211 67 -1.6984210533334e-01
219 67 -4.2460526333336e-01
220 67 -4.4420207150000e-01
61 68  2.6652224871526e-10
62 68  7.5444215073585e-01
63 68  2.3677857678076e+00
64 68  8.8817841970013e-16
65 68  2.8735368992238e+00
68 68  0.0000000000000e+00
70 68 -2.4104762630372e-10
71 68  6.8232629887599e-01
72 68 -1.9367552328901e+00
208 68 -9.4305268850488e-01
209 68  1.0707265604939e+00
210 68 -3.5919211241430e+00
211 68 -4.3103053488358e-01
219 68 -8.5290787367980e-01
220 68 -1.0707265605533e+00
61 69  1.5001806021623e+01
62 69 -3.3395508580725e-13
63 69  6.0007224041689e+01
64 69  7.1838422491930e-01
65 69 -5.6843418860808e-14
66 69  2.8735368992237e+00
69 69  0.0000000000000e+00
70 69 -1.4250135004318e+01
71 69  8.5265128291212e-13
72 69 -5.7000539969748e+01
208 69 -1.4159683538959e+01
209 69  1.3585837645326e+01
210 69 -5.8802209711644e+01
211 69 -5.1618367464718e+00
219 69 -1.5241421316863e+01
220 69 -1.5774277112243e+01
61 70 -9.5784566740415e+03
63 70 -4.7892271068125e+03
64 70  1.8195366167663e+04
66 70  9.0976806053965e+03
67 70 -4.0174154583334e-01
68 70 -2.4104762630372e-10
69 70 -1.4250135004318e+01
70 70  6.7962112397345e+04
72 70  3.3981046135364e+04
73 70  1.5724832929598e+04
75 70  7.8624139090469e+03
76 70  4.0174154583334e-01
77 70  2.4104651608070e-10
78 70  1.4568136910207e+01
79 70 -7.5033389355784e+03
81 70 -3.7516681859694e+03
209 70  2.3946138874012e+03
211 70 -4.5488410043303e+03
220 70 -1.6990525681279e+04
222 70 -3.9312075596405e+03
231 70  1.8758344124629e+03
62 71 -1.1494147599250e+05
65 71  2.1834440559747e+05
67 71  2.4868995751604e-14
68 71  6.8232629887599e-01
69 71  8.5265128291212e-13
71 71  8.1554523816970e+05
74 71  1.8869801167614e+05
76 71 -5.3290705182007e-15
77 71  5.8968132385460e-01
78 71 -1.2789769243682e-13
80 71 -9.0040063699430e+04
208 71 -1.4367683535143e+04
210 71  2.7293048992364e+04
219 71  1.0194314591883e+05
221 71  2.3587248733186e+04
230 71 -1.1255006724444e+04
61 72 -4.7892269957014e+03
63 72 -3.8313825346538e+04
64 72  9.0976801609520e+03
66 72  7.2781461837275e+04
67 72 -1.6069661820000e+00
68 72 -1.9367552328901e+00
69 72 -5.7000539969748e+01
70 72  3.3981046135364e+04
72 72  2.7184843901920e+05
73 72  7.8624143534914e+03
75 72  6.2899329253838e+04
76 72  1.6069661820000e+00
77 72  1.9367552328901e+00
78 72  5.8272547592479e+01
79 72 -3.7516682970805e+03
81 72 -3.0013354468658e+04
209 72 -4.7892272089262e+03
211 72  9.0976810313974e+03
220 72  3.3981046062703e+04
222 72  7.8624134434434e+03
231 72 -3.7516680705981e+03
70 73  1.5724832929598e+04
72 73  7.8624143534914e+03
73 73  1.2005343781500e+05
75 73  6.0026699309741e+04
76 73  1.5543122344752e-15
78 73  5.6275039903849e-01
79 73  1.4288517240431e+04
81 73  7.1442558264661e+03
220 73 -3.9312077818627e+03
222 73 -3.0013354760670e+04
231 73 -3.5721285860289e+03
71 74  1.8869801167614e+05
74 74  1.4406410785973e+06
76 74  1.4210854715202e-14
77 74  2.2510015961540e+00
78 74  6.8212102632970e-13
80 74  1.7146222083244e+05
219 74  2.3587250066520e+04
221 74  1.8008011770321e+05
230 74  2.1432774711782e+04
70 75  7.8624139090469e+03
72 75  6.2899329253838e+04
73 75  6.0026699309741e+04
75 75  4.8021373090489e+05
76 75  1.7763568394003e-15
77 75  1.5987211554602e-14
78 75  2.2510015961540e+00
79 75  7.1442562709107e+03
81 75  5.7154066331655e+04
220 75  7.8624147767768e+03
222 75  6.0026699241663e+04
231 75  7.1442553861399e+03
70 76  4.0174154583334e-01
71 76 -5.3290705182007e-15
72 76  1.6069661820000e+00
73 76  1.5543122344752e-15
74 76  1.4210854715202e-14
75 76  1.7763568394003e-15
76 76  0.0000000000000e+00
79 76 -3.6504622883333e-01
80 76 -8.5265128291212e-14
81 76 -1.4601849166667e+00
219 76 -3.6695316333340e-01
220 76  3.6504622883333e-01
221 76 -1.4678126533332e+00
222 76 -1.4678126533333e-01
230 76 -3.6695316333327e-01
231 76 -4.0174154583334e-01
70 77  2.4104651608070e-10
71 77  5.8968132385460e-01
72 77  1.9367552328901e+00
74 77  2.2510015961540e+00
75 77  1.5987211554602e-14
77 77  0.0000000000000e+00
79 77  2.1902524238726e-10
80 77  5.3581947422230e-01
81 77 -1.5991049928536e+00
219 77 -7.3710165494069e-01
220 77  8.7992541714373e-01
221 77 -2.8137519951924e+00
222 77 -3.3765023942310e-01
230 77 -6.6977434265562e-01
231 77 -8.7992541821726e-01
70 78  1.4568136910207e+01
71 78 -1.2789769243682e-13
72 78  5.8272547592479e+01
73 78  5.6275039903849e-01
74 78  6.8212102632970e-13
75 78  2.2510015961540e+00
78 78  0.0000000000000e+00
79 78 -1.3773293903139e+01
80 78 -3.1832314562053e-12
81 78 -5.5093175662865e+01
219 78 -1.3171969942183e+01
220 78  1.3250939891814e+01
221 78 -5.4303735257684e+01
222 78 -4.8676231267302e+00
230 78 -1.3979897686661e+01
231 78 -1.5171283696960e+01
70 79 -7.5033389355784e+03
72 79 -3.7516682970805e+03
73 79  1.4288517240431e+04
75 79  7.1442562709107e+03
76 79 -3.6504622883333e-01
77 79  2.1902524238726e-10
78 79 -1.3773293903139e+01
79 79  5.3364844045306e+04
81 79  2.6682412443165e+04
82 79  1.2348448713114e+04
84 79  6.1742219126069e+03
85 79  3.6504622883334e-01
86 79 -2.1902607505453e-10
87 79  1.4023015503115e+01
88 79 -5.9060371047390e+03
90 79 -2.9530173334727e+03
220 79  1.8758344680185e+03
222 79 -3.5721288082512e+03
231 79 -1.3341208722927e+04
233 79 -3.0871115361105e+03
242 79  1.4765089696987e+03
71 80 -9.0040063699430e+04
74 80  1.7146222083244e+05
76 80 -8.5265128291212e-14
77 80  5.3581947422230e-01
78 80 -3.1832314562053e-12
80 80  6.4037801880872e+05
83 80  1.4818140351086e+05
85 80  2.1760371282653e-14
86 80  4.6306692633716e-01
87 80  9.1660012913053e-13
89 80 -7.0872442295663e+04
219 80 -1.1255007057778e+04
221 80  2.1432776045115e+04
230 80  8.0047244023508e+04
232 80  1.8522672838457e+04
241 80 -8.8590541030375e+03
70 81 -3.7516681859694e+03
72 81 -3.0013354468658e+04
73 81  7.1442558264661e+03
75 81  5.7154066331655e+04
76 81 -1.4601849166667e+00
77 81 -1.5991049928536e+00
78 81 -5.5093175662865e+01
79 81  2.6682412443165e+04
81 81  2.1345936631218e+05
82 81  6.1742223570513e+03
84 81  4.9393792558976e+04
85 81  1.4601849166667e+00
86 81  1.5991049928536e+00
87 81  5.6092062063424e+01
88 81 -2.9530174445838e+03
90 81 -2.3624147208895e+04
220 81 -3.7516684039314e+03
222 81  7.1442567194733e+03
231 81  2.6682412435669e+04
233 81  6.1742214649573e+03
242 81 -2.9530172177563e+03
79 82  1.2348448713114e+04
81 82  6.1742223570513e+03
82 82  9.4496609341111e+04
84 82  4.7248286084743e+04
85 82 -4.4408920985006e-16
86 82 -1.7763568394003e-15
87 82  4.4295276660763e-01
88 82  1.1275693833324e+04
90 82  5.6378442628025e+03
231 82 -3.0871117583327e+03
233 82 -2.3624147867857e+04
242 82 -2.8189227634439e+03
80 83  1.4818140351086e+05
83 83  1.1339591389380e+06
85 83 -6.2172489379009e-15
86 83  1.7718110652463e+00
87 83 -3.1263880373444e-13
89 83  1.3530834218171e+05
230 83  1.8522674171790e+04
232 83  1.4174487600649e+05
241 83  1.6913539970767e+04
79 84  6.1742219126069e+03
81 84  4.9393792558976e+04
82 84  4.7248286084743e+04
84 84  3.7798641782041e+05
85 84 -1.7763568394003e-15
86 84 -8.8817841970013e-15
87 84  1.7718110652462e+00
88 84  5.6378447072470e+03
90 84  4.5102772786532e+04
231 84  6.1742227982907e+03
233 84  4.7248285943472e+04
242 84  5.6378438031420e+03
79 85  3.6504622883334e-01
80 85  2.1760371282653e-14
81 85  1.4601849166667e+00
82 85 -4.4408920985006e-16
83 85 -6.2172489379009e-15
84 85 -1.7763568394003e-15
85 85  0.0000000000000e+00
88 85 -3.3333333333333e-01
89 85 -1.2434497875802e-14
90 85 -1.3333333333333e+00
230 85 -3.1712896166667e-01
231 85  3.3333333333333e-01
232 85 -1.2685158333333e+00
233 85 -1.2685158333334e-01
241 85 -3.1712895500010e-01
242 85 -3.6504622883333e-01
79 86 -2.1902607505453e-10
80 86  4.6306692633716e-01
81 86  1.5991049928536e+00
82 86 -1.7763568394003e-15
83 86  1.7718110652463e+00
84 86 -8.8817841970013e-15
86 86  0.0000000000000e+00
88 86  8.8817841970013e-16
89 86  4.2283860653959e-01
90 86 -1.3333333333333e+00
230 86 -5.7883365787898e-01
231 86  7.3009245813333e-01
232 86 -2.2147638318537e+00
233 86 -2.6577165978694e-01
241 86 -5.2854825823828e-01
242 86 -7.3009245764764e-01
79 87  1.4023015503115e+01
80 87  9.1660012913053e-13
81 87  5.6092062063424e+01
82 87  4.4295276660763e-01
83 87 -3.1263880373444e-13
84 87  1.7718110652462e+00
87 87  0.0000000000000e+00
88 87 -1.3227623681635e+01
89 87 -5.1159076974727e-13
90 87 -5.2910494726793e+01
230 87 -1.2081733804946e+01
231 87  1.2814842148103e+01
232 87 -4.9533784021307e+01
233 87 -4.5104256361153e+00
241 87 -1.2685158201906e+01
242 87 -1.4496139501952e+01
79 88 -5.9060371047390e+03
81 88 -2.9530174445838e+03
82 88  1.1275693833324e+04
84 88  5.6378447072470e+03
85 88 -3.3333333333333e-01
86 88  8.8817841970013e-16
87 88 -1.3227623681635e+01
88 88  5.8537837308863e+04
90 88  2.9268905825019e+04
91 88  1.8208814856232e+04
93 88  9.1044032854306e+03
94 88  3.3333333333333e-01
95 88 -4.9960036108132e-16
96 88  1.3504040971111e+01
97 88 -8.4050220410563e+03
99 88 -4.2025088270522e+03
231 88  1.4765090252543e+03
233 88 -2.8189229856661e+03
242 88 -1.4634456252228e+04
244 88 -4.5522026641125e+03
253 88  2.1012549701221e+03
80 89 -7.0872442295663e+04
83 89  1.3530834218171e+05
85 89 -1.2434497875802e-14
86 89  4.2283860653959e-01
87 89 -5.1159076974727e-13
89 89  7.0245392945283e+05
92 89  2.1850577292325e+05
94 89  7.1054273576010e-15
95 89  6.8283055111121e-01
96 89  2.8421709430404e-13
98 89 -1.0086025398479e+05
230 89 -8.8590544363709e+03
232 89  1.6913541304100e+04
241 89  8.7806729953110e+04
243 89  2.7313217523666e+04
252 89 -1.2607529710723e+04
79 90 -2.9530173334727e+03
81 90 -2.3624147208895e+04
82 90  5.6378442628025e+03
84 90  4.5102772786532e+04
85 90 -1.3333333333333e+00
86 90 -1.3333333333333e+00
87 90 -5.2910494726793e+01
88 90  2.9268905825019e+04
90 90  2.3415133587100e+05
91 90  9.1044037298749e+03
93 90  7.2835255352924e+04
94 90  1.3333333333333e+00
95 90  1.3333333333333e+00
96 90  5.4016163884444e+01
97 90 -4.2025089381633e+03
99 90 -3.3620085937984e+04
231 90 -2.9530175510896e+03
233 90  5.6378451364753e+03
242 90  2.9268905767913e+04
244 90  9.1044028273673e+03
253 90 -4.2025087066929e+03
88 91  1.8208814856232e+04
90 91  9.1044037298749e+03
91 91  1.3448036113078e+05
93 91  6.7240146477097e+04
94 91  6.6613381477509e-16
96 91  6.3037657557548e-01
97 91  1.5411270103271e+04
99 91  7.7056301981946e+03
242 91 -4.5522028863347e+03
244 91 -3.3620082113228e+04
253 91 -3.8528163040840e+03
89 92  2.1850577292325e+05
92 92  1.6137640977753e+06
94 92  3.9079850466805e-14
95 92  2.5215063017554e+00
96 92  2.0463630789891e-12
98 92  1.8493523019701e+05
241 92  2.7313218856999e+04
243 92  2.0172048239403e+05
252 92  2.3116899050197e+04
88 93  9.1044032854306e+03
90 93  7.2835255352924e+04
91 93  6.7240146477097e+04
93 93  5.3792140902629e+05
94 93  8.8817841970013e-16
96 93  2.5215063017553e+00
97 93  7.7056306426391e+03
99 93  6.1645075580123e+04
242 93  9.1044041607007e+03
244 93  6.7240146329540e+04
253 93  7.7056297303764e+03
88 94  3.3333333333333e-01
89 94  7.1054273576010e-15
90 94  1.3333333333333e+00
91 94  6.6613381477509e-16
92 94  3.9079850466805e-14
93 94  8.8817841970013e-16
94 94  0.0000000000000e+00
97 94 -2.8212104213333e-01
98 94  6.3948846218409e-14
99 94 -1.1284841680000e+00
241 94 -5.1212291333335e-01
242 94  2.8212104200000e-01
243 94 -2.0484916533331e+00
244 94 -2.0484916533333e-01
252 94 -5.1212291333324e-01
253 94 -3.3333333320000e-01
88 95 -4.9960036108132e-16
89 95  6.8283055111121e-01
90 95  1.3333333333333e+00
92 95  2.5215063017554e+00
95 95  0.0000000000000e+00
97 95 -6.7707617290580e-11
98 95  5.7792259976644e-01
99 95 -9.5510738816025e-01
241 95 -8.5353818888896e-01
242 95  5.6424208400000e-01
243 95 -3.1518828773307e+00
244 95 -3.7822594526334e-01
252 95 -7.2240324977643e-01
253 95 -5.6424208384201e-01
88 96  1.3504040971111e+01
89 96  2.8421709430404e-13
90 96  5.4016163884444e+01
91 96  6.3037657557548e-01
92 96  2.0463630789891e-12
93 96  2.5215063017553e+00
96 96  0.0000000000000e+00
97 96 -1.2007244935383e+01
98 96  2.5011104298755e-12
99 96 -4.8028979718833e+01
241 96 -2.0484916533334e+01
242 96  1.1455549317778e+01
243 96 -8.5086904673655e+01
244 96 -7.8783138920642e+00
252 96 -2.2058535803495e+01
253 96 -1.4213098504383e+01
88 97 -8.4050220410563e+03
90 97 -4.2025089381633e+03
91 97  1.5411270103271e+04
93 97  7.7056306426391e+03
94 97 -2.8212104213333e-01
95 97 -6.7707617290580e-11
96 97 -1.2007244935383e+01
97 97  5.5238527613392e+04
99 97  2.7619247311994e+04
100 97  1.2072895880798e+04
102 97  6.0364440886061e+03
103 97  2.8212104213333e-01
104 97  6.7709338136268e-11
105 97  1.2264908986189e+01
106 97 -5.6072454486720e+03
108 97 -2.8036207031829e+03
242 97  2.1012550256776e+03
244 97 -3.8528165263062e+03
253 97 -1.3809627948725e+04
255 97 -3.0182229886734e+03
264 97  1.4018108636880e+03
89 98 -1.0086025398479e+05
92 98  1.8493523019701e+05
94 98  6.3948846218409e-14
95 98  5.7792259976644e-01
96 98  2.5011104298755e-12
98 98  6.6286220252184e+05
101 98  1.4487474836905e+05
103 98 -2.8643754035329e-14
104 98  4.5273360296998e-01
105 98 -1.2647660696530e-12
107 98 -6.7286936097715e+04
241 98 -1.2607530044056e+04
243 98  2.3116900383530e+04
252 98  8.2857760870454e+04
254 98  1.8109339699337e+04
263 98 -8.4108651283166e+03
88 99 -4.2025088270522e+03
90 99 -3.3620085937984e+04
91 99  7.7056301981946e+03
93 99  6.1645075580123e+04
94 99 -1.1284841680000e+00
95 99 -9.5510738816025e-01
96 99 -4.8028979718833e+01
97 99  2.7619247311994e+04
99 99  2.2095409325477e+05
100 99  6.0364445330505e+03
102 99  4.8291579735485e+04
