%%MatrixMarket matrix coordinate real general
2568 2568 75628
1 1  4.2305497479141e+06
2 1 -1.4295759626955e+05
3 1 -4.8346259206563e+06
4 1 -7.4651046491427e+05
5 1  1.0044607822361e+06
6 1  1.4931323980785e+07
9 1 -1.1375590410337e+06
10 1  2.0052300589201e+07
71 1  6.0407617603196e+05
72 1 -9.9305790949582e+04
75 1  1.3309825720106e+05
76 1 -4.8750051307206e+06
1 2 -1.4295759626955e+05
2 2  8.1078258982084e+07
3 2 -1.4832793724620e-07
4 2  3.2431303591894e+08
5 2 -5.1591408092209e+06
6 2 -3.9339541644849e+07
9 2 -6.6946464658278e-08
10 2 -1.5735816657494e+08
71 2  1.4295759626951e+05
72 2  8.1088589393040e+07
75 2  5.1591408092209e+06
76 2 -3.8966731360521e+07
1 3 -4.8346259206563e+06
2 3 -1.4832793724620e-07
3 3  9.6692518544710e+06
4 3  3.4936015967085e+05
5 3 -1.1375590410436e+06
6 3 -1.9815947069342e+07
9 3  2.2751180756817e+06
10 3  8.2202390506323e+04
71 3 -4.8346259206564e+06
72 3 -3.4936015967078e+05
75 3 -1.1375590410237e+06
76 3  1.9733744678836e+07
1 4 -7.4651046491427e+05
2 4  3.2431303591894e+08
3 4  3.4936015967085e+05
4 4  1.2972647664285e+09
5 4 -2.0677664432137e+07
6 4 -1.5807413742192e+08
9 4  8.2202390506308e+04
10 4 -6.2942969624415e+08
71 4  3.9715030524266e+05
72 4  3.2434173482890e+08
75 4  2.0595462041631e+07
76 4 -1.5515392465518e+08
1 5  1.0044607822361e+06
2 5 -5.1591408092209e+06
3 5 -1.1375590410436e+06
4 5 -2.0677664432137e+07
5 5  1.1352531402684e+06
6 5 -3.6664218426815e+05
7 5  9.7965347978704e+05
8 5  4.7169174779599e+06
9 5 -5.6913063692259e+05
10 5 -3.0925528024840e+05
11 5 -1.1305113321083e+06
12 5  1.8826823357538e+07
13 5 -6.6741479740539e+04
14 5  1.1895160387292e+06
17 5 -2.6378597827304e+05
18 5 -4.4988016518715e+06
71 5  1.3309825720606e+05
72 5 -5.1495228513835e+06
75 5 -5.6612250062816e+05
76 5  1.8138699258096e+05
77 5  1.5085785081690e+05
78 5  4.7278187824673e+06
83 5  3.3052745819551e+05
84 5 -3.4102668283580e+06
1 6  1.4931323980785e+07
2 6 -3.9339541644849e+07
3 6 -1.9815947069342e+07
4 6 -1.5807413742192e+08
5 6 -3.6664218426815e+05
6 6  1.5330375481817e+08
7 6 -1.4694880656232e+07
8 6 -3.7068855558628e+07
9 6  5.8893837066564e+05
10 6  2.6783518072680e+08
11 6  1.9693178138267e+07
12 6 -1.4756388714555e+08
13 6 -1.1079158895098e+06
14 6 -3.5791324029566e+07
17 6  4.5950749162741e+06
18 6  1.8086610192142e+07
71 6  4.8846230885580e+06
72 6 -3.8986568583970e+07
75 6 -2.2229618639854e+05
76 6 -1.9412867516668e+07
77 6 -4.9982974820342e+06
78 6 -3.7430042983271e+07
83 6 -3.4871590267642e+06
84 6  4.4499627301218e+07
5 7  9.7965347978704e+05
6 7 -1.4694880656232e+07
7 7  3.7097851210000e+06
8 7 -1.4569889338321e+05
9 7 -1.1305113321999e+06
10 7 -1.9434012900965e+07
11 7 -4.2394175074687e+06
12 7 -7.3597015478097e+05
13 7  8.7473877121796e+05
14 7  1.3074436244506e+07
17 7 -9.8919742297306e+05
18 7  1.7584498087581e+07
75 7  1.5085785090399e+05
76 7  5.0091987856150e+06
77 7  5.2963238938931e+05
78 7 -1.0742655050092e+05
83 7  1.1445865034343e+05
84 7 -4.2560458129125e+06
5 8  4.7169174779599e+06
6 8 -3.7068855558628e+07
7 8 -1.4569889338321e+05
8 8  7.2009052806301e+07
9 8  1.3485471205575e-04
10 8 -1.4827542223945e+08
11 8  5.0505226535204e-04
12 8  2.8803621122518e+08
13 8 -4.5424998399712e+06
14 8 -3.4779814110451e+07
17 8  1.1779116302762e-04
18 8 -1.3911925648045e+08
75 8 -4.7169174780946e+06
76 8 -3.7409709863073e+07
77 8  1.4569889287816e+05
78 8  7.2019581326248e+07
83 8  4.5424998398533e+06
84 8 -3.4451563593313e+07
1 9 -1.1375590410337e+06
2 9 -6.6946464658278e-08
3 9  2.2751180756817e+06
4 9  8.2202390506308e+04
5 9 -5.6913063692259e+05
6 9  5.8893837066564e+05
7 9 -1.1305113321999e+06
8 9  1.3485471205575e-04
9 9  1.1382612847449e+06
10 9  4.1126567422467e+04
11 9  2.2610226583081e+06
12 9  8.1693110235324e+04
13 9 -2.6378597831082e+05
14 9 -4.6236674713468e+06
17 9  5.2757195729920e+05
18 9  1.9061725809358e+04
71 9 -1.1375590410537e+06
72 9 -8.2202390506452e+04
75 9 -5.6913063695179e+05
76 9 -6.3006493809703e+05
77 9 -1.1305113321256e+06
78 9 -8.1693110351127e+04
83 9 -2.6378597826065e+05
84 9  4.6046057455276e+06
1 10  2.0052300589201e+07
2 10 -1.5735816657494e+08
3 10  8.2202390506323e+04
4 10 -6.2942969624415e+08
5 10 -3.0925528024840e+05
6 10  2.6783518072680e+08
7 10 -1.9434012900965e+07
8 10 -1.4827542223945e+08
9 10  4.1126567422467e+04
10 10  1.0712570930466e+09
11 10  8.1693107096520e+04
12 10 -5.9309873732001e+08
13 10  4.7489554132101e+06
14 10  1.7753527402526e+07
17 10  1.9061725061175e+04
18 10  7.1683030073600e+07
71 10 -2.0134502979707e+07
72 10 -1.5881312778384e+08
75 10  2.6812871282536e+05
76 10  2.6781199835387e+08
77 10  1.9352319793869e+07
78 10 -1.4687698321764e+08
83 10 -4.7680171382714e+06
84 10  1.7743096392254e+07
5 11 -1.1305113321083e+06
6 11  1.9693178138267e+07
7 11 -4.2394175074687e+06
8 11  5.0505226535204e-04
9 11  2.2610226583081e+06
10 11  8.1693107096520e+04
11 11  8.4788350264118e+06
12 11  3.0634916447445e+05
13 11 -9.8919742306000e+05
14 11 -1.7338753079502e+07
17 11  1.9783948402508e+06
18 11  7.1481472040791e+04
75 11 -1.1305113322362e+06
76 11 -1.9774871245394e+07
77 11 -4.2394175072600e+06
78 11 -3.0634916491197e+05
83 11 -9.8919742283745e+05
84 11  1.7267271607425e+07
5 12  1.8826823357538e+07
6 12 -1.4756388714555e+08
7 12 -7.3597015478097e+05
8 12  2.8803621122518e+08
9 12  8.1693110235324e+04
10 12 -5.9309873732001e+08
11 12  3.0634916447445e+05
12 12  1.1521559136540e+09
13 12 -1.8205740096167e+07
14 12 -1.3974572369514e+08
17 12  7.1481471980311e+04
18 12 -5.5647444323988e+08
75 12 -1.8908516467772e+07
76 12 -1.5035332620474e+08
77 12  4.2962099030656e+05
78 12  2.8806725660155e+08
83 12  1.8134258624187e+07
84 12 -1.3718236982587e+08
5 13 -6.6741479740539e+04
6 13 -1.1079158895098e+06
7 13  8.7473877121796e+05
8 13 -4.5424998399712e+06
9 13 -2.6378597831082e+05
10 13  4.7489554132101e+06
11 13 -9.8919742306000e+05
12 13 -1.8205740096167e+07
13 13  9.8754970476600e+05
14 13 -3.7038506345183e+05
15 13  8.5053588832381e+05
16 13  4.0990072354904e+06
17 13 -4.9549594018384e+05
18 13 -3.1207273632252e+05
19 13 -9.8310906001940e+05
20 13  1.6360508189118e+07
21 13 -5.7628363445328e+04
22 13  1.0331655163576e+06
25 13 -2.2687132134084e+05
26 13 -3.8779648496754e+06
75 13  3.3052745823444e+05
76 13  3.5110436313313e+06
77 13  1.1445865042596e+05
78 13 -4.5342288198476e+06
83 13 -4.9205376218936e+05
84 13  1.8774325540280e+05
85 13  1.3257317037716e+05
86 13  4.1085872515148e+06
91 13  2.8449968494479e+05
92 13 -2.9474908506276e+06
5 14  1.1895160387292e+06
6 14 -3.5791324029566e+07
7 14  1.3074436244506e+07
8 14 -3.4779814110451e+07
9 14 -4.6236674713468e+06
10 14  1.7753527402526e+07
11 14 -1.7338753079502e+07
12 14 -1.3974572369514e+08
13 14 -3.7038506345183e+05
14 14  1.3507855735649e+08
15 14 -1.2847289186812e+07
16 14 -3.2479384490875e+07
17 14  5.9368515065804e+05
18 14  2.3586893129598e+08
19 14  1.7232035665144e+07
20 14 -1.2929492654889e+08
21 14 -9.5288004064911e+05
22 14 -3.1163936328606e+07
25 14  3.9766236147582e+06
26 14  1.5755338672540e+07
75 14  3.4341514326180e+06
76 14  4.4999775643914e+07
77 14  4.2643168349959e+06
78 14 -3.4471665674251e+07
83 14 -2.2330008720719e+05
84 14 -1.7170953087032e+07
85 14 -4.3847464783315e+06
86 14 -3.2796235437941e+07
91 14 -3.0237435741086e+06
92 14  3.8751263849764e+07
13 15  8.5053588832381e+05
14 15 -1.2847289186812e+07
15 15  3.1954551423244e+06
16 15 -1.4843368972707e+05
17 15 -9.8310905988560e+05
18 15 -1.6960606176044e+07
19 15 -3.6515479335209e+06
20 15 -7.2566899912892e+05
21 15  7.4660719044341e+05
22 15  1.1217497748439e+07
25 15 -8.4266490839572e+05
26 15  1.5116233875925e+07
83 15  1.3257317023953e+05
84 15  4.3943264926704e+06
85 15  4.5609279374330e+05
86 15 -1.1547547255846e+05
91 15  9.6057716727715e+04
92 15 -3.6372162953946e+06
13 16  4.0990072354904e+06
14 16 -3.2479384490875e+07
15 16 -1.4843368972707e+05
16 16  6.2824968287011e+07
17 16 -2.3571534589360e-04
18 16 -1.2991753798388e+08
19 16 -8.7641612473228e-04
20 16  2.5129987320366e+08
21 16 -3.9258373584262e+06
22 16 -3.0159390293689e+07
25 16 -2.0237475175389e-04
26 16 -1.2063756113500e+08
83 16 -4.0990072352545e+06
84 16 -3.2775587319605e+07
85 16  1.4843369060326e+05
86 16  6.2835694444186e+07
91 16  3.9258373586286e+06
92 16 -2.9875701072983e+07
5 17 -2.6378597827304e+05
6 17  4.5950749162741e+06
7 17 -9.8919742297306e+05
8 17  1.1779116302762e-04
9 17  5.2757195729920e+05
10 17  1.9061725061175e+04
11 17  1.9783948402508e+06
12 17  7.1481471980311e+04
13 17 -4.9549594018384e+05
14 17  5.9368515065804e+05
15 17 -9.8310905988560e+05
16 17 -2.3571534589360e-04
17 17  9.9099188975887e+05
18 17  3.5805571917162e+04
19 17  1.9662181142752e+06
20 17  7.1041512938756e+04
21 17 -2.2687132127025e+05
22 17 -4.0012149083116e+06
25 17  4.5374264320318e+05
26 17  1.6394196194092e+04
75 17 -2.6378597829396e+05
76 17 -4.6141366413424e+06
77 17 -9.8919742294186e+05
78 17 -7.1481472082672e+04
83 17 -4.9549594000424e+05
84 17 -6.2949072256774e+05
85 17 -9.8310905966307e+05
86 17 -7.1041512737766e+04
91 17 -2.2687132129827e+05
92 17  3.9848207121365e+06
5 18 -4.4988016518715e+06
6 18  1.8086610192142e+07
7 18  1.7584498087581e+07
8 18 -1.3911925648045e+08
9 18  1.9061725809358e+04
10 18  7.1683030073600e+07
11 18  7.1481472040791e+04
12 18 -5.5647444323988e+08
13 18 -3.1207273632252e+05
14 18  2.3586893129598e+08
15 18 -1.6960606176044e+07
16 18 -1.2991753798388e+08
17 18  3.5805571917162e+04
18 18  9.4339121729766e+08
19 18  7.1041514925835e+04
20 18 -5.1966758526358e+08
21 18  4.1335299694148e+06
22 18  1.5467091036836e+07
25 18  1.6394195751000e+04
26 18  6.2447228754812e+07
75 18  4.4797399260620e+06
76 18  1.8078275846661e+07
77 18 -1.7655979559622e+07
78 18 -1.4039511447921e+08
83 18  2.7626716440481e+05
84 18  2.3584599409038e+08
85 18  1.6889564661119e+07
86 18 -1.2869706285559e+08
91 18 -4.1499241651660e+06
92 18  1.5456344989037e+07
13 19 -9.8310906001940e+05
14 19  1.7232035665144e+07
15 19 -3.6515479335209e+06
16 19 -8.7641612473228e-04
17 19  1.9662181142752e+06
18 19  7.1041514925835e+04
19 19  7.3030958764636e+06
20 19  2.6386847661043e+05
21 19 -8.4266490826999e+05
22 19 -1.4861655372848e+07
25 19  1.6853298117168e+06
26 19  6.0892728718226e+04
83 19 -9.8310905954596e+05
84 19 -1.7303077180007e+07
85 19 -3.6515479327548e+06
86 19 -2.6386847586840e+05
91 19 -8.4266490834449e+05
92 19  1.4800762644202e+07
13 20  1.6360508189118e+07
14 20 -1.2929492654889e+08
15 20 -7.2566899912892e+05
16 20  2.5129987320366e+08
17 20  7.1041512938756e+04
18 20 -5.1966758526358e+08
19 20  2.6386847661043e+05
20 20  1.0052090269142e+09
21 20 -1.5733795800724e+07
22 20 -1.2117452832974e+08
25 20  6.0892725366926e+04
26 20 -4.8254804454493e+08
83 20 -1.6431549702056e+07
84 20 -1.3172752756044e+08
85 20  4.6180052251759e+05
86 20  2.5133324399912e+08
91 20  1.5672903075357e+07
92 20 -1.1896803731300e+08
13 21 -5.7628363445328e+04
14 21 -9.5288004064911e+05
15 21  7.4660719044341e+05
16 21 -3.9258373584262e+06
17 21 -2.2687132127025e+05
18 21  4.1335299694148e+06
19 21 -8.4266490826999e+05
20 21 -1.5733795800724e+07
21 21  8.4172428815605e+05
22 21 -3.7430749451512e+05
23 21  7.2299216607004e+05
24 21  3.4811291675362e+06
25 21 -4.2287386127585e+05
26 21 -3.1493447453517e+05
27 21 -8.3751334508054e+05
28 21  1.3894256434691e+07
29 21 -4.8654196850459e+04
30 21  8.7632985129219e+05
33 21 -1.9034394263854e+05
34 21 -3.2568218170539e+06
83 21  2.8449968487524e+05
84 21  3.0443021155904e+06
85 21  9.6057716598308e+04
86 21 -3.9188960293228e+06
91 21 -4.1885042481664e+05
92 21  1.9421268845636e+05
93 21  1.1452117788048e+05
94 21  3.4894047046996e+06
99 21  2.3899813962407e+05
100 21 -2.4840315923853e+06
13 22  1.0331655163576e+06
14 22 -3.1163936328606e+07
15 22  1.1217497748439e+07
16 22 -3.0159390293689e+07
17 22 -4.0012149083116e+06
18 22  1.5467091036836e+07
19 22 -1.4861655372848e+07
20 22 -1.2117452832974e+08
21 22 -3.7430749451512e+05
22 22  1.1663530111919e+08
23 22 -1.0999499821489e+07
24 22 -2.7829224307257e+07
25 22  5.9878718939503e+05
26 22  2.0349643053855e+08
27 22  1.4770799933551e+07
28 22 -1.1078321277491e+08
29 22 -7.9733342819910e+05
30 22 -2.6467334885499e+07
33 22  3.3569999978180e+06
34 22  1.3391130476142e+07
83 22  2.9680493919547e+06
84 22  3.9184243333266e+07
85 22  3.6441576244092e+06
86 22 -2.9896055871754e+07
91 22 -2.2447969488050e+05
92 22 -1.4914124603701e+07
93 22 -3.7713001120614e+06
94 22 -2.8101746306617e+07
99 22 -2.5596665696190e+06
100 22  3.2917287311345e+07
21 23  7.2299216607004e+05
22 23 -1.0999499821489e+07
23 23  2.6874489914228e+06
24 23 -1.5118376932118e+05
25 23 -8.3751334508781e+05
26 23 -1.4486659649042e+07
27 23 -3.0708822737491e+06
28 23 -7.1568925857193e+05
29 23  6.2003307373970e+05
30 23  9.3604460097503e+06
33 23 -6.9792779278023e+05
34 23  1.2647266128243e+07
91 23  1.1452117788432e+05
92 23  3.7795756501748e+06
93 23  3.8343328449464e+05
94 23 -1.2347607972671e+05
99 23  7.7894718005663e+04
100 23 -3.0185756795345e+06
21 24  3.4811291675362e+06
22 24 -2.7829224307257e+07
23 24 -1.5118376932118e+05
24 24  5.3528246263103e+07
25 24  1.4754307860627e-06
26 24 -1.1131689719185e+08
27 24  5.7344810271607e-06
28 24  2.1411298498085e+08
29 24 -3.3091429650524e+06
30 24 -2.5477548151273e+07
33 24  1.3014368177847e-06
34 24 -1.0191019257114e+08
91 24 -3.4811291675377e+06
92 24 -2.8080777949373e+07
93 24  1.5118376931544e+05
94 24  5.3539171082253e+07
99 24  3.3091429650511e+06
100 24 -2.5238422557481e+07
13 25 -2.2687132134084e+05
14 25  3.9766236147582e+06
15 25 -8.4266490839572e+05
16 25 -2.0237475175389e-04
17 25  4.5374264320318e+05
18 25  1.6394195751000e+04
19 25  1.6853298117168e+06
20 25  6.0892725366926e+04
21 25 -4.2287386127585e+05
22 25  5.9878718939503e+05
23 25 -8.3751334508781e+05
24 25  1.4754307860627e-06
25 25  8.4574773089666e+05
26 25  3.0557748165320e+04
27 25  1.6750266858974e+06
28 25  6.0520462420247e+04
29 25 -1.9034394263705e+05
30 25 -3.3776319493486e+06
33 25  3.8068788587558e+05
34 25  1.3754651098877e+04
83 25 -2.2687132122389e+05
84 25 -3.9930178104947e+06
85 25 -8.4266490823406e+05
86 25 -6.0892725196315e+04
91 25 -4.2287386136650e+05
92 25 -6.2934493754256e+05
93 25 -8.3751334532956e+05
94 25 -6.0520462422229e+04
99 25 -1.9034394269829e+05
100 25  3.3638772982498e+06
13 26 -3.8779648496754e+06
14 26  1.5755338672540e+07
15 26  1.5116233875925e+07
16 26 -1.2063756113500e+08
17 26  1.6394196194092e+04
18 26  6.2447228754812e+07
19 26  6.0892728718226e+04
20 26 -4.8254804454493e+08
21 26 -3.1493447453517e+05
22 26  2.0349643053855e+08
23 26 -1.4486659649042e+07
24 26 -1.1131689719185e+08
25 26  3.0557748165320e+04
26 26  8.1390028680539e+08
27 26  6.0520460215084e+04
28 26 -4.4526540196584e+08
29 26  3.5177889556891e+06
30 26  1.3147801195398e+07
33 26  1.3754650101741e+04
34 26  5.3079851187201e+07
83 26  3.8615706534811e+06
84 26  1.5747024690076e+07
85 26 -1.5177126604643e+07
86 26 -1.2173429204071e+08
91 26  2.8437672636992e+05
92 26  2.0347371048017e+08
93 26  1.4426139188826e+07
94 26 -1.1027443419326e+08
99 26 -3.5315436057909e+06
100 26  1.3136679201039e+07
21 27 -8.3751334508054e+05
22 27  1.4770799933551e+07
23 27 -3.0708822737491e+06
24 27  5.7344810271607e-06
25 27  1.6750266858974e+06
26 27  6.0520460215084e+04
27 27  6.1417645571092e+06
28 27  2.2190836300048e+05
29 27 -6.9792779278695e+05
30 27 -1.2384650525124e+07
33 27  1.3958555816340e+06
34 27  5.0433720875598e+04
91 27 -8.3751334535082e+05
92 27 -1.4831320393766e+07
93 27 -3.0708822746866e+06
94 27 -2.2190836300613e+05
99 27 -6.9792779298664e+05
100 27  1.2334216804249e+07
21 28  1.3894256434691e+07
22 28 -1.1078321277491e+08
23 28 -7.1568925857193e+05
24 28  2.1411298498085e+08
25 28  6.0520462420247e+04
26 28 -4.4526540196584e+08
27 28  2.2190836300048e+05
28 28  8.5645995744632e+08
29 28 -1.3261788715691e+07
30 28 -1.0235766291967e+08
33 28  5.0433719057841e+04
34 28 -4.0763894793881e+08
91 28 -1.3954776897112e+07
92 28 -1.1285898284895e+08
93 28  4.9378089557147e+05
94 28  2.1414866648546e+08
99 28  1.3211354996633e+07
100 28 -1.0050804207474e+08
21 29 -4.8654196850459e+04
22 29 -7.9733342819910e+05
23 29  6.2003307373970e+05
24 29 -3.3091429650524e+06
25 29 -1.9034394263705e+05
26 29  3.5177889556891e+06
27 29 -6.9792779278695e+05
28 29 -1.3261788715691e+07
29 29  6.9778097944981e+05
30 29 -3.7860663567613e+05
31 29  5.9698652880517e+05
32 29  2.8633069184918e+06
33 29 -3.5131200071611e+05
34 29 -3.1790879295987e+05
35 29 -6.9369137303379e+05
36 29  1.1428163879979e+07
37 29 -3.9834470431987e+04
38 29  7.1868263777990e+05
41 29 -1.5415363830775e+05
42 29 -2.6351356844282e+06
91 29  2.3899813962341e+05
92 29  2.5769370727597e+06
93 29  7.7894718009188e+04
94 29 -3.3035141280922e+06
99 29 -3.4646897700351e+05
100 29  2.0096230188514e+05
101 29  9.6704843289438e+04
102 29  2.8702950117599e+06
107 29  1.9398810885090e+05
108 29 -2.0194476285930e+06
21 30  8.7632985129219e+05
22 30 -2.6467334885499e+07
23 30  9.3604460097503e+06
24 30 -2.5477548151273e+07
25 30 -3.3776319493486e+06
26 30  1.3147801195398e+07
27 30 -1.2384650525124e+07
28 30 -1.0235766291967e+08
29 30 -3.7860663567613e+05
30 30  9.7986232536314e+07
31 30 -9.1514222714289e+06
32 30 -2.3117669801575e+07
33 30  6.0460550944072e+05
34 30  1.7072379018635e+08
35 30  1.2309475756193e+07
36 30 -9.2025924988736e+07
37 30 -6.4093976025920e+05
38 30 -2.1695033261877e+07
41 30  2.7354390566583e+06
42 30  1.0991826530796e+07
91 30  2.5013020980566e+06
92 30  3.3283003470819e+07
93 30  3.0242045153739e+06
94 30 -2.5259012803713e+07
99 30 -2.2599887376444e+05
100 30 -1.2651591094619e+07
101 30 -3.1580534847640e+06
102 30 -2.3345877336936e+07
107 30 -2.0944992963990e+06
108 30  2.6990176505381e+07
29 31  5.9698652880517e+05
30 31 -9.1514222714289e+06
31 31  2.1856653013104e+06
32 31 -1.5399718624087e+05
33 31 -6.9369137309040e+05
34 31 -1.2011801364164e+07
35 31 -2.4972889408570e+06
36 31 -7.0621840190773e+05
37 31  4.9498086392964e+05
38 31  7.5031614407586e+06
41 31 -5.5495309840425e+05
42 31  1.0177127314560e+07
99 31  9.6704843343164e+04
100 31  3.1650415793005e+06
101 31  3.1162364133152e+05
102 31 -1.3147861086553e+05
107 31  5.9972233631707e+04
108 31 -2.4002385477342e+06
29 32  2.8633069184918e+06
30 32 -2.3117669801575e+07
31 32 -1.5399718624087e+05
32 32  4.4123147087295e+07
33 32  8.4109322676202e-05
34 32 -9.2470679175253e+07
35 32  3.0286147214992e-04
36 32  1.7649258833813e+08
37 32 -2.6923931395534e+06
38 32 -2.0732860135126e+07
41 32  6.7305737733228e-05
42 32 -8.2931440533071e+07
99 32 -2.8633069185759e+06
100 32 -2.3324578331948e+07
101 32  1.5399718593804e+05
102 32  4.4134275232858e+07
107 32  2.6923931394860e+06
108 32 -2.0538302184926e+07
21 33 -1.9034394263854e+05
22 33  3.3569999978180e+06
23 33 -6.9792779278023e+05
24 33  1.3014368177847e-06
25 33  3.8068788587558e+05
26 33  1.3754650101741e+04
27 33  1.3958555816340e+06
28 33  5.0433719057841e+04
29 33 -3.5131200071611e+05
30 33  6.0460550944072e+05
31 33 -6.9369137309040e+05
32 33  8.4109322676202e-05
33 33  7.0262400843993e+05
34 33  2.5386539227229e+04
35 33  1.3873827424500e+06
36 33  5.0127587544611e+04
37 33 -1.5415363833061e+05
38 33 -2.7521482522894e+06
41 33  3.0830727709113e+05
42 33  1.1139463391069e+04
91 33 -1.9034394269349e+05
92 33 -3.3707546479199e+06
93 33 -6.9792779300598e+05
94 33 -5.0433719059135e+04
99 33 -3.5131200080307e+05
100 33 -6.2999204865952e+05
101 33 -6.9369137311643e+05
102 33 -5.0127587647255e+04
107 33 -1.5415363831581e+05
108 33  2.7410087889088e+06
21 34 -3.2568218170539e+06
22 34  1.3391130476142e+07
23 34  1.2647266128243e+07
24 34 -1.0191019257114e+08
25 34  1.3754651098877e+04
26 34  5.3079851187201e+07
27 34  5.0433720875598e+04
28 34 -4.0763894793881e+08
29 34 -3.1790879295987e+05
30 34  1.7072379018635e+08
31 34 -1.2011801364164e+07
32 34 -9.2470679175253e+07
33 34  2.5386539227229e+04
34 34  6.8280869766755e+08
35 34  5.0127587611170e+04
36 34 -3.6988090552794e+08
37 34  2.9015493395495e+06
38 34  1.0793554271125e+07
41 34  1.1139463912486e+04
42 34  4.3572371522579e+07
91 34  3.2430671659550e+06
92 34  1.3382897435213e+07
93 34 -1.2697699849119e+07
94 34 -1.0282775480230e+08
99 34  2.9252225373268e+05
100 34  1.7070123833600e+08
101 34  1.1961673776553e+07
102 34 -9.1606303616920e+07
107 34 -2.9126888034619e+06
108 34  1.0781953274088e+07
29 35 -6.9369137303379e+05
30 35  1.2309475756193e+07
31 35 -2.4972889408570e+06
32 35  3.0286147214992e-04
33 35  1.3873827424500e+06
34 35  5.0127587611170e+04
35 35  4.9945778889886e+06
36 35  1.8045931514644e+05
37 35 -5.5495309845588e+05
38 35 -9.9077337074493e+06
41 35  1.1099061934669e+06
42 35  4.0102068204477e+04
99 35 -6.9369137318448e+05
100 35 -1.2359603343774e+07
101 35 -2.4972889409920e+06
102 35 -1.8045931551561e+05
107 35 -5.5495309838255e+05
108 35  9.8676316392823e+06
29 36  1.1428163879979e+07
30 36 -9.2025924988736e+07
31 36 -7.0621840190773e+05
32 36  1.7649258833813e+08
33 36  5.0127587544611e+04
34 36 -3.6988090552794e+08
35 36  1.8045931514644e+05
36 36  7.0597687351519e+08
37 36 -1.0789623592731e+07
38 36 -8.3289417299223e+07
41 36  4.0102070028546e+04
42 36 -3.3172431319285e+08
99 36 -1.1478291467524e+07
100 36 -9.3744878699699e+07
101 36  5.2575908676140e+05
102 36  1.7653058074411e+08
107 36  1.0749521522703e+07
108 36 -8.1796680903669e+07
29 37 -3.9834470431987e+04
30 37 -6.4093976025920e+05
31 37  4.9498086392964e+05
32 37 -2.6923931395534e+06
33 37 -1.5415363833061e+05
34 37  2.9015493395495e+06
35 37 -5.5495309845588e+05
36 37 -1.0789623592731e+07
37 37  5.5576422062651e+05
38 37 -3.8376064626853e+05
39 37  4.7247588647244e+05
40 37  2.2456030284792e+06
41 37 -2.8092613492925e+05
42 37 -3.2116057372975e+05
43 37 -5.5161128526828e+05
44 37  8.9624818225116e+06
45 37 -3.1204688705110e+04
46 37  5.5952882832477e+05
49 37 -1.1820241773673e+05
50 37 -2.0123821518038e+06
99 37  1.9398810887445e+05
100 37  2.1085172821653e+06
101 37  5.9972233680798e+04
102 37 -2.6880594200062e+06
107 37 -2.7483808430468e+05
108 37  2.0839506302818e+05
109 37  7.9135398049865e+04
110 37  2.2513215175374e+06
115 37  1.4940710652882e+05
116 37 -1.5527880464644e+06
29 38  7.1868263777990e+05
30 38 -2.1695033261877e+07
31 38  7.5031614407586e+06
32 38 -2.0732860135126e+07
33 38 -2.7521482522894e+06
34 38  1.0793554271125e+07
35 38 -9.9077337074493e+06
36 38 -8.3289417299223e+07
37 38 -3.8376064626853e+05
38 38  7.9156461296417e+07
39 38 -7.3028649304906e+06
40 38 -1.8343360874676e+07
41 38  6.1201608304310e+05
42 38  1.3756336249644e+08
43 38  9.8480713631346e+06
44 38 -7.3017622400508e+07
45 38 -4.8297671026337e+05
46 38 -1.6833145548042e+07
49 38  2.1103009986080e+06
50 38  8.5527441338540e+06
99 38  2.0334656145095e+06
100 38  2.7288471866353e+07
101 38  2.4045722666908e+06
102 38 -2.0559100713925e+07
107 38 -2.2825543677478e+05
108 38 -1.0402330652984e+07
109 38 -2.5452064326438e+06
110 38 -1.8527282803515e+07
115 38 -1.6273242883446e+06
116 38  2.0953800076065e+07
37 39  4.7247588647244e+05
38 39 -7.3028649304906e+06
39 39  1.6900215609668e+06
40 39 -1.5699951172870e+05
41 39 -5.5161128527279e+05
42 39 -9.5352472870326e+06
43 39 -1.9306394904708e+06
44 39 -6.9775406660292e+05
45 39  3.7140757595648e+05
46 39  5.6453803152305e+06
49 39 -4.1370846109477e+05
50 39  7.7047801822185e+06
107 39  7.9135398052132e+04
108 39  2.5509249216547e+06
109 39  2.4061793090068e+05
110 39 -1.3961195779044e+05
115 39  4.2300884489839e+04
116 39 -1.7824596146567e+06
37 40  2.2456030284792e+06
38 40 -1.8343360874676e+07
39 40 -1.5699951172870e+05
40 40  3.4618913920634e+07
41 40  1.4783039240099e-08
42 40 -7.3373443496631e+07
43 40  7.0119676502779e-08
44 40  1.3847565567852e+08
45 40 -2.0755257209894e+06
46 40 -1.5922060926282e+07
49 40  1.5574888936293e-08
50 40 -6.3688243703319e+07
107 40 -2.2456030284792e+06
108 40 -1.8505632835595e+07
109 40  1.5699951172863e+05
110 40  3.4630259032082e+07
115 40  2.0755257209893e+06
116 40 -1.5772079104535e+07
29 41 -1.5415363830775e+05
30 41  2.7354390566583e+06
31 41 -5.5495309840425e+05
32 41  6.7305737733228e-05
33 41  3.0830727709113e+05
34 41  1.1139463912486e+04
35 41  1.1099061934669e+06
36 41  4.0102070028546e+04
37 41 -2.8092613492925e+05
38 41  6.1201608304310e+05
39 41 -5.5161128527279e+05
40 41  1.4783039240099e-08
41 41  5.6185227541483e+05
42 41  2.0300308657005e+04
43 41  1.1032225675527e+06
44 41  3.9860582810714e+04
45 41 -1.1820241773567e+05
46 41 -2.1231133441859e+06
49 41  2.3640483582138e+05
50 41  8.5415534616193e+03
99 41 -1.5415363833596e+05
100 41 -2.7465785205642e+06
101 41 -5.5495309844451e+05
102 41 -4.0102070110569e+04
107 41 -2.8092613491525e+05
108 41 -6.3231639169179e+05
109 41 -5.5161128526373e+05
110 41 -3.9860582810712e+04
115 41 -1.1820241773778e+05
116 41  2.1145717907243e+06
29 42 -2.6351356844282e+06
30 42  1.0991826530796e+07
31 42  1.0177127314560e+07
32 42 -8.2931440533071e+07
33 42  1.1139463391069e+04
34 42  4.3572371522579e+07
35 42  4.0102068204477e+04
36 42 -3.3172431319285e+08
37 42 -3.2116057372975e+05
38 42  1.3756336249644e+08
39 42 -9.5352472870326e+06
40 42 -7.3373443496631e+07
41 42  2.0300308657005e+04
42 42  5.5016573232860e+08
43 42  3.9860582678498e+04
44 42 -2.9349233378324e+08
45 42  2.2844243794628e+06
46 42  8.3997864554763e+06
49 42  8.5415533996154e+03
50 42  3.3906295639758e+07
99 42  2.6239962210372e+06
100 42  1.0983773440839e+07
101 42 -1.0217229382764e+07
102 42 -8.3669758851648e+07
107 42  3.0086026507282e+05
108 42  1.3754087772723e+08
109 42  9.4953867043540e+06
110 42 -7.2687287034934e+07
115 42 -2.2929659328624e+06
116 42  8.3875125522797e+06
37 43 -5.5161128526828e+05
38 43  9.8480713631346e+06
39 43 -1.9306394904708e+06
40 43  7.0119676502779e-08
41 43  1.1032225675527e+06
42 43  3.9860582678498e+04
43 43  3.8612789865284e+06
44 43  1.3951203937660e+05
45 43 -4.1370846109870e+05
46 43 -7.4308966800976e+06
49 43  8.2741691959574e+05
50 43  2.9895437016910e+04
107 43 -5.5161128527735e+05
108 43 -9.8879319458131e+06
109 43 -1.9306394904708e+06
110 43 -1.3951203937649e+05
115 43 -4.1370846109086e+05
116 43  7.4010012430806e+06
37 44  8.9624818225116e+06
38 44 -7.3017622400508e+07
39 44 -6.9775406660292e+05
40 44  1.3847565567852e+08
41 44  3.9860582810714e+04
42 44 -2.9349233378324e+08
43 44  1.3951203937660e+05
44 44  5.5390766343201e+08
45 44 -8.3170506024069e+06
46 44 -6.3956729755499e+07
49 44  2.9895436899087e+04
50 44 -2.5475189466097e+08
107 44 -9.0023424053222e+06
108 44 -7.4379792643857e+07
109 44  5.5824202722631e+05
110 44  1.3851599541441e+08
115 44  8.2871551655077e+06
116 44 -6.2820910520072e+07
37 45 -3.1204688705110e+04
38 45 -4.8297671026337e+05
39 45  3.7140757595648e+05
40 45 -2.0755257209894e+06
41 45 -1.1820241773567e+05
42 45  2.2844243794628e+06
43 45 -4.1370846109870e+05
44 45 -8.3170506024069e+06
45 45  4.1583185022386e+05
46 45 -3.9120461548412e+05
47 45  3.4939315442771e+05
48 45  1.6282310666691e+06
49 45 -2.1202458708689e+05
50 45 -3.2518592391190e+05
51 45 -4.1124258280815e+05
52 45  6.4980656429584e+06
53 45 -2.2859939847300e+04
54 45  3.9708160910018e+05
57 45 -8.2248516477341e+04
58 45 -1.3871177710233e+06
107 45  1.4940710652829e+05
108 45  1.6381207576918e+06
109 45  4.2300884491800e+04
110 45 -2.0724689708193e+06
115 45 -2.0380726208621e+05
116 45  2.1771445018641e+05
117 45  6.1849427830105e+04
118 45  1.6327004358757e+06
123 45  1.0510845638713e+05
124 45 -1.0815592754893e+06
37 46  5.5952882832477e+05
38 46 -1.6833145548042e+07
39 46  5.6453803152305e+06
40 46 -1.5922060926282e+07
41 46 -2.1231133441859e+06
42 46  8.3997864554763e+06
43 46 -7.4308966800976e+06
44 46 -6.3956729755499e+07
45 46 -3.9120461548412e+05
46 46  6.0207370897576e+07
47 46 -5.4533381116679e+06
48 46 -1.3503376724000e+07
49 46  6.2364660392356e+05
50 46  1.0404453137420e+08
51 46  7.3866053355563e+06
52 46 -5.3746621132871e+07
53 46 -3.2156065402899e+05
54 46 -1.1845639624214e+07
57 46  1.4773210668454e+06
58 46  6.0614013122007e+06
107 46  1.5635845158612e+06
108 46  2.1184381806569e+07
109 46  1.7855163648670e+06
110 46 -1.5793035786471e+07
115 46 -2.3244198843946e+05
116 46 -8.2131684535193e+06
117 46 -1.9332672238884e+06
118 46 -1.3643078654312e+07
123 46 -1.1557604128164e+06
124 46  1.4766134041494e+07
45 47  3.4939315442771e+05
46 47 -5.4533381116679e+06
47 47  1.2004877959188e+06
48 47 -1.6061746079962e+05
49 47 -4.1124258283748e+05
50 47 -7.0550003986115e+06
51 47 -1.3708086081575e+06
52 47 -6.9199858945802e+05
53 47  2.4924578953175e+05
54 47  3.7863780849312e+06
57 47 -2.7416172184089e+05
58 47  5.2273649853521e+06
115 47  6.1849427857783e+04
116 47  1.9377365927541e+06
117 47  1.7032081324230e+05
118 47 -1.4830972309088e+05
123 47  2.4915931857531e+04
124 47 -1.1659422406613e+06
45 48  1.6282310666691e+06
46 48 -1.3503376724000e+07
47 48 -1.6061746079962e+05
48 48  2.5040186948542e+07
49 48  4.8519758529951e-05
50 48 -5.4013506897710e+07
51 48  1.6158997954298e-04
52 48  1.0016074779367e+08
53 48 -1.4583284081062e+06
54 48 -1.1035735428094e+07
57 48  3.2320770384751e-05
58 48 -4.4142941724044e+07
115 48 -1.6282310667176e+06
116 48 -1.3621036099594e+07
117 48  1.6061746063797e+05
118 48  2.5051793506385e+07
123 48  1.4583284080739e+06
124 48 -1.0930353573950e+07
37 49 -1.1820241773673e+05
38 49  2.1103009986080e+06
39 49 -4.1370846109477e+05
40 49  1.5574888936293e-08
41 49  2.3640483582138e+05
42 49  8.5415533996154e+03
43 49  8.2741691959574e+05
44 49  2.9895436899087e+04
45 49 -2.1202458708689e+05
46 49  6.2364660392356e+05
47 49 -4.1124258283748e+05
48 49  4.8519758529951e-05
49 49  4.2404917838703e+05
50 49  1.5321339082780e+04
51 49  8.2248516344906e+05
52 49  2.9717247943445e+04
53 49 -8.2248516488431e+04
54 49 -1.4862362411295e+06
57 49  1.6449703321146e+05
58 49  5.9434496323441e+03
107 49 -1.1820241773461e+05
108 49 -2.1188425520077e+06
109 49 -4.1370846110263e+05
110 49 -2.9895436899063e+04
115 49 -2.1202458709715e+05
116 49 -6.3896794301452e+05
117 49 -4.1124258281292e+05
118 49 -2.9717247972623e+04
123 49 -8.2248516473069e+04
124 49  1.4802927914851e+06
37 50 -2.0123821518038e+06
38 50  8.5527441338540e+06
39 50  7.7047801822185e+06
40 50 -6.3688243703319e+07
41 50  8.5415534616193e+03
42 50  3.3906295639758e+07
43 50  2.9895437016910e+04
44 50 -2.5475189466097e+08
45 50 -3.2518592391190e+05
46 50  1.0404453137420e+08
47 50 -7.0550003986115e+06
48 50 -5.4013506897710e+07
49 50  1.5321339082780e+04
50 50  4.1608854707474e+08
51 50  2.9717246768072e+04
52 50 -2.1605295388173e+08
53 50  1.6654277932887e+06
54 50  5.9543248919114e+06
57 50  5.9434493525508e+03
58 50  2.4032311381300e+07
107 50  2.0038405983421e+06
108 50  8.5450510824013e+06
109 50 -7.7346756192354e+06
110 50 -6.4247167508718e+07
115 50  3.0986458482900e+05
116 50  1.0402185682924e+08
117 50  7.0252831518435e+06
118 50 -5.3505845274978e+07
123 50 -1.6713712426413e+06
124 50  5.9409466491016e+06
45 51 -4.1124258280815e+05
46 51  7.3866053355563e+06
47 51 -1.3708086081575e+06
48 51  1.6158997954298e-04
49 51  8.2248516344906e+05
50 51  2.9717246768072e+04
51 51  2.7416172202697e+06
52 51  9.9057493132363e+04
53 51 -2.7416172186575e+05
54 51 -4.9541208031705e+06
57 51  5.4832344186339e+05
58 51  1.9811498772208e+04
115 51 -4.1124258284889e+05
116 51 -7.4163225823509e+06
117 51 -1.3708086080978e+06
118 51 -9.9057493230333e+04
123 51 -2.7416172180409e+05
124 51  4.9343093043584e+06
45 52  6.4980656429584e+06
46 52 -5.3746621132871e+07
47 52 -6.9199858945802e+05
48 52  1.0016074779367e+08
49 52  2.9717247943445e+04
50 52 -2.1605295388173e+08
51 52  9.9057493132363e+04
52 52  4.0064657023664e+08
53 52 -5.8432193818125e+06
54 52 -4.4321939269239e+07
57 52  1.9811498622918e+04
58 52 -1.7657105109100e+08
115 52 -6.5277828909017e+06
116 52 -5.4752103878399e+07
117 52  5.9294109632541e+05
118 52  1.0020359497850e+08
123 52  5.8234078831898e+06
124 52 -4.3543132550462e+07
45 53 -2.2859939847300e+04
46 53 -3.2156065402899e+05
47 53  2.4924578953175e+05
48 53 -1.4583284081062e+06
49 53 -8.2248516488431e+04
50 53  1.6654277932887e+06
51 53 -2.7416172186575e+05
52 53 -5.8432193818125e+06
53 53  2.7859808407425e+05
54 53 -4.0717804953221e+05
55 53  2.2755595678008e+05
56 53  1.0123711013130e+06
57 53 -1.4568500608128e+05
58 53 -3.3219680469750e+05
59 53 -2.7255798625387e+05
60 53  4.0396366016452e+06
61 53 -1.5148951838083e+04
62 53  2.2496819628245e+05
66 53 -4.5426331008921e+04
67 53 -7.5333005353141e+05
115 53  1.0510845639860e+05
116 53  1.1633557694003e+06
117 53  2.4915931881029e+04
118 53 -1.4565279311608e+06
123 53 -1.3291307728829e+05
124 53  2.3410694628323e+05
125 53  4.5002029121500e+04
126 53  1.0156230423843e+06
131 53  6.0575282884702e+04
132 53 -5.9643527614506e+05
45 54  3.9708160910018e+05
46 54 -1.1845639624214e+07
47 54  3.7863780849312e+06
48 54 -1.1035735428094e+07
49 54 -1.4862362411295e+06
50 54  5.9543248919114e+06
51 54 -4.9541208031705e+06
52 54 -4.4321939269239e+07
53 54 -4.0717804953221e+05
54 54  4.1344146580279e+07
55 54 -3.6010801215206e+06
56 54 -8.5913925471860e+06
57 54  6.5088957215796e+05
58 54  7.0259828996407e+07
59 54  4.9251411981370e+06
60 54 -3.4187619702153e+07
61 54 -1.4976447222118e+05
62 54 -6.6011809634507e+06
66 54  8.2085686645469e+05
67 54  3.4687629832353e+06
115 54  1.0891546320293e+06
116 54  1.4928356289078e+07
117 54  1.1677427182394e+06
118 54 -1.0951351902144e+07
123 54 -2.4371152262578e+05
124 54 -6.2436018502558e+06
125 54 -1.3240610766163e+06
126 54 -8.6870719682779e+06
131 54 -6.7109239423352e+05
132 54  8.2722387075601e+06
53 55  2.2755595678008e+05
54 55 -3.6010801215206e+06
55 55  7.1727030862328e+05
56 55 -1.6720498159793e+05
57 55 -2.7255798622518e+05
58 55 -4.5638858949409e+06
59 55 -8.1767395805915e+05
60 55 -6.9836334052069e+05
61 55  1.2831100185155e+05
62 55  1.9231411365645e+06
66 55 -1.3627899316637e+05
67 55  2.7329560289260e+06
123 55  4.5002029091768e+04
124 55  1.3273130173472e+06
125 55  1.0040365004154e+05
126 55 -1.5994960435907e+05
131 55  7.9679910624767e+03
132 55 -5.5362538685805e+05
53 56  1.0123711013130e+06
54 56 -8.5913925471860e+06
55 56 -1.6720498159793e+05
56 56  1.5483822166430e+07
57 56 -6.3739414291843e-05
58 56 -3.4365570193892e+07
59 56 -1.9123735923029e-04
60 56  6.1935288679908e+07
61 56 -8.3962812932638e+05
62 56 -6.0316956693207e+06
66 56 -3.1873656392979e-05
67 56 -2.4126782669966e+07
123 56 -1.0123711012492e+06
124 56 -8.6645485987145e+06
125 56  1.6720498178916e+05
126 56  1.5495904754768e+07
131 56  8.3962812935825e+05
132 56 -5.9710223846447e+06
45 57 -8.2248516477341e+04
46 57  1.4773210668454e+06
47 57 -2.7416172184089e+05
48 57  3.2320770384751e-05
49 57  1.6449703321146e+05
50 57  5.9434493525508e+03
51 57  5.4832344186339e+05
52 57  1.9811498622918e+04
53 57 -1.4568500608128e+05
54 57  6.5088957215796e+05
55 57 -2.7255798622518e+05
56 57 -6.3739414291843e-05
57 57  2.9137001492956e+05
58 57  1.0527502976042e+04
59 57  5.4511597097706e+05
60 57  1.9695609045857e+04
61 57 -4.5426330995537e+04
62 57 -8.2578076884837e+05
66 57  9.0852662148370e+04
67 57  3.2826017189836e+03
115 57 -8.2248516482647e+04
116 57 -1.4832645162032e+06
117 57 -2.7416172183437e+05
118 57 -1.9811498642498e+04
123 57 -1.4568500602954e+05
124 57 -6.6141707512695e+05
125 57 -2.7255798616099e+05
126 57 -1.9695609022233e+04
131 57 -4.5426331002046e+04
132 57  8.2249816715949e+05
45 58 -1.3871177710233e+06
46 58  6.0614013122007e+06
47 58  5.2273649853521e+06
48 58 -4.4142941724044e+07
49 58  5.9434496323441e+03
50 58  2.4032311381300e+07
51 58  1.9811498772208e+04
52 58 -1.7657105109100e+08
53 58 -3.3219680469750e+05
54 58  7.0259828996407e+07
55 58 -4.5638858949409e+06
56 58 -3.4365570193892e+07
57 58  1.0527502976042e+04
58 58  2.8094562715517e+08
59 58  1.9695609668199e+04
60 58 -1.3746156918868e+08
61 58  1.0410145433292e+06
62 58  3.4092682455917e+06
66 58  3.2826016117660e+03
67 58  1.3756536868969e+07
115 58  1.3811743213910e+06
116 58  6.0544535471310e+06
117 58 -5.2471764841243e+06
118 58 -4.4522113667077e+07
123 58  3.2166930172142e+05
124 58  7.0236038875483e+07
125 58  4.5441902852727e+06
126 58 -3.4037197536898e+07
131 58 -1.0442971449409e+06
132 58  3.3934777955712e+06
53 59 -2.7255798625387e+05
54 59  4.9251411981370e+06
55 59 -8.1767395805915e+05
56 59 -1.9123735923029e-04
57 59  5.4511597097706e+05
58 59  1.9695609668199e+04
59 59  1.6353479183612e+06
60 59  5.9086827141041e+04
61 59 -1.3627899314449e+05
62 59 -2.4773423066938e+06
66 59  2.7255798529337e+05
67 59  9.8478051575747e+03
123 59 -2.7255798613656e+05
124 59 -4.9448368077600e+06
125 59 -8.1767395787927e+05
126 59 -5.9086827070265e+04
131 59 -1.3627899315829e+05
132 59  2.4674945016266e+06
53 60  4.0396366016452e+06
54 60 -3.4187619702153e+07
55 60 -6.9836334052069e+05
56 60  6.1935288679908e+07
57 60  1.9695609045857e+04
58 60 -1.3746156918868e+08
59 60  5.9086827141041e+04
60 60  2.4774328965344e+08
61 60 -3.3634364204987e+06
62 60 -2.4216291647289e+07
66 60  9.8478045246858e+03
67 60 -9.6506774893702e+07
123 60 -4.0593322106910e+06
124 60 -3.4836856521669e+07
125 60  6.3927651337964e+05
126 60  6.1981484167066e+07
131 60  3.3535886159740e+06
132 60 -2.3794936392056e+07
53 61 -1.5148951838083e+04
54 61 -1.4976447222118e+05
55 61  1.2831100185155e+05
56 61 -8.3962812932638e+05
57 61 -4.5426330995537e+04
58 61  1.0410145433292e+06
59 61 -1.3627899314449e+05
60 61 -3.3634364204987e+06
61 61  1.4967018706767e+05
62 61 -5.0340067403526e+05
63 61  1.0444148749142e+05
64 61  4.3254031618407e+05
65 61 -1.0681872886752e+04
66 61 -9.0492225446815e+04
67 61 -3.7841509736979e+05
68 61 -1.3555812021416e+05
69 61  1.7252634078744e+06
70 61  5.1178917175772e-06
123 61  6.0575282871545e+04
124 61  6.7546969071905e+05
125 61  7.9679910398323e+03
126 61 -8.3905234610025e+05
131 61 -5.9177961266455e+04
132 61  3.1155159156189e+05
133 61  3.1116632570924e+04
134 61  4.3478886874156e+05
135 61  1.0681872894234e+04
53 62  2.2496819628245e+05
54 62 -6.6011809634507e+06
55 62  1.9231411365645e+06
56 62 -6.0316956693207e+06
57 62 -8.2578076884837e+05
58 62  3.4092682455917e+06
59 62 -2.4773423066938e+06
60 62 -2.4216291647289e+07
61 62 -5.0340067403526e+05
62 62  2.4155666189345e+07
63 62 -1.7255045831640e+06
64 62 -3.7441358616690e+06
65 62  9.2463943555655e+04
66 62  8.1922858875753e+05
67 62  3.6844788728751e+07
68 62  2.4642379465122e+06
69 62 -1.4887507953135e+07
70 62 -6.4905049920112e-10
123 62  6.0081257256593e+05
124 62  8.3641492188138e+06
125 62  5.5420117012931e+05
126 62 -5.9916479388947e+06
131 62 -3.1582791472228e+05
132 62 -5.7708939970004e+06
133 62 -7.3873336334814e+05
134 62 -3.7975182740142e+06
135 62 -9.2463943555649e+04
61 63  1.0444148749142e+05
62 63 -1.7255045831640e+06
63 63  2.4527335963538e+05
64 63 -2.4559220497445e+05
65 63  6.0650640003906e+03
66 63 -1.3555812021510e+05
67 63 -1.9784402959304e+06
68 63 -2.7111624022759e+05
69 63 -9.9216453230502e+05
70 63 -2.0149060410139e-05
131 63  3.1116632571415e+04
132 63  7.4098191589449e+05
133 63  2.5842880795155e+04
134 63 -2.4372474432057e+05
135 63 -6.0650640309175e+03
61 64  4.3254031618407e+05
62 64 -3.7441358616690e+06
63 64 -2.4559220497445e+05
64 64  7.4957326444675e+06
65 64 -1.8511213955709e+05
66 64  2.4601007234812e-07
67 64 -1.4976543441811e+07
68 64  5.0928873582337e-07
69 64  2.9982930568122e+07
70 64  2.5958992873582e-10
131 64 -4.3254031618432e+05
132 64 -3.7753921253391e+06
133 64  2.4559220497394e+05
134 64  7.5134796450486e+06
135 64  1.8511213955709e+05
61 65 -1.0681872886752e+04
62 65  9.2463943555655e+04
63 65  6.0650640003906e+03
64 65 -1.8511213955709e+05
65 65  4.5714683363861e+03
66 65  5.2632540456022e-06
67 65  3.6985577411290e+05
68 65 -2.0462692058100e-05
69 65 -7.4044855800894e+05
70 65  1.5122646506319e-05
131 65  1.0681872894165e+04
132 65  9.3235837931455e+04
133 65 -6.0650640307546e+03
134 65 -1.8555041363394e+05
135 65 -4.5714683133586e+03
53 66 -4.5426331008921e+04
54 66  8.2085686645469e+05
55 66 -1.3627899316637e+05
56 66 -3.1873656392979e-05
57 66  9.0852662148370e+04
58 66  3.2826016117660e+03
59 66  2.7255798529337e+05
60 66  9.8478045246858e+03
61 66 -9.0492225446815e+04
62 66  8.1922858875753e+05
63 66 -1.3555812021510e+05
