%%MatrixMarket matrix coordinate real general
6867 6867 96421
1 1  1.3270982248711e+07
2 1 -5.9604644775391e-08
4 1  7.6413427607553e+06
5 1  2.9802322387695e-07
64 1 -6.4586340441415e+06
65 1 -3.4581470395088e+04
67 1 -3.7188383131180e+06
68 1 -1.5187758732977e+07
1 2 -5.9604644775391e-08
2 2  2.8087850129776e+08
4 2 -5.9604644775391e-08
5 2 -1.2020118522996e+08
64 2  3.4581470394969e+04
65 2  1.4418240505623e+08
67 2 -1.5108318179643e+07
68 2 -6.1702465292648e+07
3 3  7.8440745184002e-02
6 3 -3.1034967220155e-02
66 3  1.7501803766338e-02
69 3 -8.7228837547842e-03
1 4  7.6413427607553e+06
2 4 -5.9604644775391e-08
4 4  1.8004538449770e+07
5 4  4.7683715820312e-07
7 4  1.0379364492559e+07
64 4 -3.7188383131180e+06
65 4  1.5108318179643e+07
67 4 -8.7623299655261e+06
68 4 -4.6527811008036e+04
70 4 -5.0513606624480e+06
71 4 -1.5341205600651e+07
1 5  2.9802322387695e-07
2 5 -1.2020118522996e+08
4 5  4.7683715820312e-07
5 5  2.1034195926388e+08
7 5  1.1920928955078e-07
8 5 -9.0132095204850e+07
64 5  1.5187758732977e+07
65 5 -6.1702465292648e+07
67 5  4.6527811008036e+04
68 5  1.0797412201424e+08
70 5 -1.5234286543985e+07
71 5 -4.6267201655009e+07
3 6 -3.1034967220155e-02
6 6  6.0893858052924e-02
9 6 -2.2651526311621e-02
66 6 -8.7228837547842e-03
69 6  1.2059505849661e-02
72 6 -6.8425336088205e-03
4 7  1.0379364492559e+07
5 7  1.1920928955078e-07
7 7  2.4491579170986e+07
10 7  1.4141449977320e+07
11 7  1.1920928955078e-07
67 7 -5.0513606624480e+06
68 7  1.5234286543985e+07
70 7 -1.1919400162865e+07
71 7 -6.2594676775873e+04
73 7 -6.8822676054436e+06
74 7 -1.5547702655761e+07
5 8 -9.0132095204850e+07
8 8  1.5793414082849e+08
10 8  5.9604644775391e-08
11 8 -6.7790491689523e+07
67 8  1.5341205600651e+07
68 8 -4.6267201655009e+07
70 8  6.2594676775873e+04
71 8  8.1071794952809e+07
73 8 -1.5403800277427e+07
74 8 -3.4798662365930e+07
6 9 -2.2651526311621e-02
9 9  4.8649308556767e-02
12 9 -1.6192220656541e-02
69 9 -6.8425336088205e-03
72 9  7.6302566870955e-03
75 9 -5.5575375058424e-03
7 10  1.4141449977320e+07
8 10  5.9604644775391e-08
10 10  3.3432897784998e+07
11 10  1.1920928955078e-07
13 10  1.9344278452589e+07
14 10  1.7881393432617e-07
70 10 -6.8822676054436e+06
71 10  1.5403800277427e+07
73 10 -1.6270902132950e+07
74 10 -8.4198887422383e+04
76 10 -9.4143458444505e+06
77 10 -1.5825579779849e+07
7 11  1.1920928955078e-07
8 11 -6.7790491689523e+07
10 11  1.1920928955078e-07
11 11  1.1899610060305e+08
14 11 -5.1190282470619e+07
70 11  1.5547702655761e+07
71 11 -3.4798662365930e+07
73 11  8.4198887422264e+04
74 11  6.1083863292864e+07
76 11 -1.5631901543183e+07
77 11 -2.6277333469545e+07
9 12 -1.6192220656541e-02
12 12  4.0651904617381e-02
15 12 -1.1071868497328e-02
72 12 -5.5575375058424e-03
75 12  3.8040862749774e-03
78 12 -4.7590020742220e-03
10 13  1.9344278452589e+07
13 13  4.5848202986356e+07
14 13  5.9604644775391e-08
16 13  2.6599324010713e+07
73 13 -9.4143458444505e+06
74 13  1.5631901543183e+07
76 13 -2.2313100977503e+07
77 13 -1.1324178813243e+05
79 13 -1.2945183556899e+07
80 13 -1.6199493146316e+07
10 14  1.7881393432617e-07
11 14 -5.1190282470619e+07
13 14  5.9604644775391e-08
14 14  9.0066300459011e+07
17 14 -3.8855782200177e+07
73 14  1.5825579779849e+07
74 14 -2.6277333469545e+07
76 14  1.1324178813255e+05
77 14  4.6233427448452e+07
79 14 -1.5938821567982e+07
80 14 -1.9945706428977e+07
12 15 -1.1071868497328e-02
15 15  3.6251049553276e-02
18 15 -6.8154182746726e-03
75 15 -4.7590020742220e-03
78 15  2.1147400994600e-04
81 15 -4.3856115928490e-03
13 16  2.6599324010713e+07
16 16  6.3248540021454e+07
19 16  3.6821327428920e+07
76 16 -1.2945183556899e+07
77 16  1.5938821567982e+07
79 16 -3.0781382230057e+07
80 16 -1.5227389534807e+05
82 16 -1.7919960750019e+07
83 16 -1.6702604968330e+07
14 17 -3.8855782200177e+07
17 17  6.8572877645873e+07
19 17 -5.9604644775391e-08
20 17 -2.9690538917971e+07
76 17  1.6199493146316e+07
77 17 -1.9945706428977e+07
79 17  1.5227389534807e+05
80 17  3.5200281867174e+07
82 17 -1.6351767041664e+07
83 17 -1.5240943291543e+07
15 18 -6.8154182746726e-03
18 18  3.5164845024458e-02
21 18 -3.0084973758377e-03
78 18 -4.3856115928490e-03
81 18 -3.5201808513896e-03
84 18 -4.4216928389653e-03
16 19  3.6821327428920e+07
17 19 -5.9604644775391e-08
19 19  8.7918782096384e+07
20 19 -5.9604644775391e-08
22 19  5.1407619115376e+07
23 19  1.1920928955078e-07
79 19 -1.7919960750019e+07
80 19  1.6351767041664e+07
82 19 -4.2787732910948e+07
83 19 -2.0471572503698e+05
85 19 -2.5018720969313e+07
86 19 -1.7379513526701e+07
17 20 -2.9690538917971e+07
19 20 -5.9604644775391e-08
20 20  5.2604991510648e+07
23 20 -2.2879869143451e+07
79 20  1.6702604968330e+07
80 20 -1.5240943291543e+07
82 20  2.0471572503698e+05
83 20  2.7003541219847e+07
85 20 -1.6907320693368e+07
86 20 -1.1744845359253e+07
18 21 -3.0084973758377e-03
21 21  3.7494773047620e-02
24 21  7.5250793266758e-04
81 21 -4.4216928389653e-03
84 21 -7.8190293563765e-03
87 21 -4.9021897016737e-03
19 22  5.1407619115376e+07
22 22  1.1434968078984e+08
23 22 -1.1920928955078e-07
25 22  6.3201609730901e+07
26 22  1.1920928955078e-07
82 22 -2.5018720969313e+07
83 22  1.6907320693367e+07
85 22 -5.5650948339603e+07
86 22 -2.5614538789558e+05
88 22 -3.0758542523443e+07
89 22 -1.8191214469596e+07
19 23  1.1920928955078e-07
20 23 -2.2879869143451e+07
22 23 -1.1920928955078e-07
23 23  4.3239993420579e+07
25 23 -2.3841857910156e-07
26 23 -2.0318603968301e+07
82 23  1.7379513526701e+07
83 23 -1.1744845359253e+07
85 23  2.5614538789570e+05
86 23  2.2196238618380e+07
88 23 -1.7635658914596e+07
89 23 -1.0430079826110e+07
21 24  7.5250793266758e-04
24 24  4.2042241101674e-02
27 24  3.0081163544743e-03
84 24 -4.9021897016737e-03
87 24 -1.1888294412483e-02
90 24 -5.4923135276996e-03
22 25  6.3201609730901e+07
23 25 -2.3841857910156e-07
25 25  1.2935802999643e+08
28 25  6.6141565152729e+07
85 25 -3.0758542523443e+07
86 25  1.7635658914596e+07
88 25 -6.2955112730398e+07
89 25 -2.7792133230531e+05
91 25 -3.2189340635142e+07
92 25 -1.9024691358568e+07
22 26  1.1920928955078e-07
23 26 -2.0318603968301e+07
26 26  4.1626261663114e+07
29 26 -2.1264655306635e+07
85 26  1.8191214469596e+07
86 26 -1.0430079826110e+07
88 26  2.7792133230531e+05
89 26  2.1367867183911e+07
91 26 -1.8469135801901e+07
92 26 -1.0915713139983e+07
24 27  3.0081163544743e-03
27 27  4.5595738990708e-02
30 27  3.1478509378426e-03
87 27 -5.4923135276996e-03
90 27 -1.3937527292151e-02
93 27 -5.7478156267406e-03
25 28  6.6141565152729e+07
28 28  1.3523727959257e+08
29 28 -1.1920928955078e-07
31 28  6.9081505811130e+07
88 28 -3.2189340635142e+07
89 28  1.8469135801901e+07
91 28 -6.5816387141467e+07
92 28 -2.7790911494577e+05
94 28 -3.3620131561874e+07
95 28 -1.9858156028514e+07
26 29 -2.1264655306635e+07
28 29 -1.1920928955078e-07
29 29  4.3516451406529e+07
31 29 -1.1920928955078e-07
32 29 -2.2210665184352e+07
88 29  1.9024691358568e+07
89 29 -1.0915713139983e+07
91 29  2.7790911494577e+05
92 29  2.2338151849790e+07
94 29 -1.9302600473514e+07
95 29 -1.1401325171020e+07
27 30  3.1478509378426e-03
30 30  4.7667592831101e-02
33 30  3.2875928350502e-03
90 30 -5.7478156267406e-03
93 30 -1.4571225727473e-02
96 30 -6.0033158092523e-03
28 31  6.9081505811130e+07
29 31 -1.1920928955078e-07
31 31  1.4111655594224e+08
32 31  2.3841857910156e-07
34 31  7.2021434056090e+07
91 31 -3.3620131561874e+07
92 31  1.9302600473514e+07
94 31 -6.8677674572767e+07
95 31 -2.7789839312184e+05
97 31 -3.5050916447315e+07
98 31 -2.0691609976636e+07
29 32 -2.2210665184352e+07
31 32  2.3841857910156e-07
32 32  4.5406719296538e+07
34 32 -1.1920928955078e-07
35 32 -2.3156638500908e+07
91 32  1.9858156028514e+07
92 32 -1.1401325171020e+07
94 32  2.7789839312184e+05
95 32  2.3308476630395e+07
97 32 -2.0136054421636e+07
98 32 -1.1886918434239e+07
30 33  3.2875928350502e-03
33 33  4.9739474341249e-02
36 33  3.4273412695824e-03
93 33 -6.0033158092523e-03
96 33 -1.5204917018153e-02
99 33 -6.2588143331032e-03
31 34  7.2021434056090e+07
32 34 -1.1920928955078e-07
34 34  1.4699585644694e+08
35 34  1.1920928955078e-07
37 34  7.4961351406111e+07
38 34  1.1920928955078e-07
94 34 -3.5050916447315e+07
95 34  2.0136054421636e+07
97 34 -7.1538973759680e+07
98 34 -2.7788893347371e+05
100 34 -3.6481696030478e+07
101 34 -2.1525054466775e+07
32 35 -2.3156638500908e+07
34 35  1.1920928955078e-07
35 35  4.7297055748580e+07
37 35 -1.1920928955078e-07
38 35 -2.4102579544270e+07
94 35  2.0691609976636e+07
95 35 -1.1886918434239e+07
97 35  2.7788893347371e+05
98 35  2.4278836605715e+07
100 35 -2.0969498910109e+07
101 35 -1.2372495130770e+07
33 36  3.4273412695824e-03
36 36  5.1811380311555e-02
39 36  3.5670954832305e-03
96 36 -6.2588143331032e-03
99 36 -1.5838602114722e-02
102 36 -6.5143113963934e-03
34 37  7.4961351406111e+07
35 37 -1.1920928955078e-07
37 37  1.5287517773785e+08
38 37 -1.1920928955078e-07
40 37  7.7901258441547e+07
41 37  2.3841857910156e-07
97 37 -3.6481696030478e+07
98 37  2.0969498910109e+07
100 37 -7.4400283062686e+07
101 37 -2.7788054440606e+05
103 37 -3.7912470593807e+07
104 37 -2.2358490566182e+07
34 38  1.1920928955078e-07
35 38 -2.4102579544270e+07
37 38 -1.1920928955078e-07
38 38  4.9187453033310e+07
40 38 -5.9604644775391e-07
41 38 -2.5048492175644e+07
97 38  2.1525054466775e+07
98 38 -1.2372495130770e+07
100 38  2.7788054440618e+05
101 38  2.5249227808072e+07
103 38 -2.1802935011182e+07
104 38 -1.2858057242672e+07
36 39  3.5670954832305e-03
39 39  5.3883307814843e-02
42 39  3.7068546789828e-03
99 39 -6.5143113963934e-03
102 39 -1.6472281643482e-02
105 39 -6.7698071363820e-03
37 40  7.7901258441547e+07
38 40 -5.9604644775391e-07
40 40  1.4670703324380e+08
41 40  3.5762786865234e-07
43 40  6.8523936754585e+07
44 40  1.1920928955078e-07
100 40 -3.7912470593807e+07
101 40  2.1802935011182e+07
103 40 -7.1398411186732e+07
104 40 -2.5772838364470e+05
106 40 -3.3348777533038e+07
107 40 -2.3088411783160e+07
37 41  2.3841857910156e-07
38 41 -2.5048492175644e+07
40 41  3.5762786865234e-07
41 41  5.5583832214313e+07
43 41 -2.3841857910156e-07
44 41 -3.0502846865888e+07
100 41  2.2358490566182e+07
101 41 -1.2858057242672e+07
103 41  2.5772838364446e+05
104 41  2.8532659363699e+07
106 41 -2.2616218949826e+07
107 41 -1.5657922569864e+07
39 42  3.7068546789828e-03
42 42  5.3926221899813e-02
45 42  1.0020250639065e-03
102 42 -6.7698071363820e-03
105 42 -1.5225390620483e-02
108 42 -6.5345124312480e-03
40 43  6.8523936754585e+07
41 43 -2.3841857910156e-07
43 43  1.2113504398359e+08
44 43  2.3841857910156e-07
46 43  5.2288878060425e+07
47 43 -1.1920928955078e-07
103 43 -3.3348777533038e+07
104 43  2.2616218949826e+07
106 43 -5.8953204133787e+07
107 43 -2.0660367345190e+05
109 43 -2.5447606263357e+07
110 43 -2.3645853383279e+07
40 44  1.1920928955078e-07
41 44 -3.0502846865888e+07
43 44  2.3841857910156e-07
44 44  7.2695545057126e+07
46 44 -1.1920928955078e-07
47 44 -4.2167445518698e+07
103 44  2.3088411783160e+07
104 44 -1.5657922569864e+07
106 44  2.0660367345202e+05
107 44  3.7316556681882e+07
109 44 -2.3295015456611e+07
110 44 -2.1645671291965e+07
42 45  1.0020250639065e-03
45 45  5.1667446987148e-02
48 45 -4.2731754569394e-03
105 45 -6.5345124312480e-03
108 45 -1.0734407165428e-02
111 45 -6.2792719639907e-03
43 46  5.2288878060425e+07
44 46 -1.1920928955078e-07
46 46  9.2075872220203e+07
47 46 -1.1920928955078e-07
49 46  3.9609886099748e+07
50 46  2.3841857910156e-07
106 46 -2.5447606263357e+07
107 46  2.3295015456612e+07
109 46 -4.4810878101086e+07
110 46 -1.5332824274159e+05
112 46 -1.9277078095014e+07
113 46 -2.4059853204353e+07
43 47 -1.1920928955078e-07
44 47 -4.2167445518698e+07
46 47 -1.1920928955078e-07
47 47  1.0005131270458e+08
49 47 -1.1920928955078e-07
50 47 -5.7865541775742e+07
106 47  2.3645853383278e+07
107 47 -2.1645671291964e+07
109 47  1.5332824274123e+05
110 47  5.1358999786699e+07
112 47 -2.3799181626020e+07
113 47 -2.9703921611116e+07
45 48 -4.2731754569394e-03
48 48  5.1222781845211e-02
51 48 -1.0149797142604e-02
108 48 -6.2792719639907e-03
111 48 -5.0956803613681e-03
114 48 -6.5309071386452e-03
46 49  3.9609886099748e+07
47 49 -1.1920928955078e-07
49 49  6.9556568637770e+07
52 49  2.9849216322384e+07
53 49  1.1920928955078e-07
109 49 -1.9277078095014e+07
110 49  2.3799181626020e+07
112 49 -3.3851331973094e+07
113 49 -1.1383007550788e+05
115 49 -1.4526819717441e+07
116 49 -2.4367361516528e+07
46 50  2.3841857910156e-07
47 50 -5.7865541775742e+07
50 50  1.3687163741540e+08
52 50 -1.1920928955078e-07
53 50 -7.8992711444993e+07
109 50  2.4059853204353e+07
110 50 -2.9703921611116e+07
112 50  1.1383007550800e+05
113 50  7.0259851753096e+07
115 50 -2.4173683279861e+07
116 50 -4.0549059706693e+07
48 51 -1.0149797142604e-02
51 51  5.5041561130400e-02
54 51 -1.7085063205820e-02
111 51 -6.5309071386452e-03
114 51  3.4429944334815e-04
117 51 -7.3435228500610e-03
49 52  2.9849216322384e+07
50 52 -1.1920928955078e-07
52 52  5.2312177001356e+07
53 52  4.7683715820312e-07
55 52  2.2409276361471e+07
56 52  3.5762786865234e-07
112 52 -1.4526819717441e+07
113 52  2.4173683279861e+07
115 52 -2.5458945192926e+07
116 52 -8.4526616848111e+04
118 52 -1.0905998819876e+07
119 52 -2.4595790511710e+07
49 53  1.1920928955078e-07
50 53 -7.8992711444993e+07
52 53  4.7683715820312e-07
53 53  1.8642966184516e+08
55 53  3.5762786865234e-07
56 53 -1.0742712997615e+08
112 53  2.4367361516528e+07
113 53 -4.0549059706693e+07
115 53  8.4526616848111e+04
116 53  9.5699303760174e+07
118 53 -2.4451888133377e+07
119 53 -5.5145202989563e+07
51 54 -1.7085063205820e-02
54 54  6.3661324204546e-02
57 54 -2.5659509649307e-02
114 54 -7.3435228500610e-03
117 54  5.9727194039604e-03
120 54 -8.8068775031454e-03
52 55  2.2409276361471e+07
53 55  3.5762786865234e-07
55 55  3.9216626038916e+07
56 55  4.7683715820312e-07
58 55  1.6777762149171e+07
115 55 -1.0905998819876e+07
116 55  2.4451888133377e+07
118 55 -1.9085688821071e+07
119 55 -6.2776946012378e+04
121 55 -8.1652906384577e+06
122 55 -2.4765486514389e+07
52 56  3.5762786865234e-07
53 56 -1.0742712997615e+08
55 56  4.7683715820312e-07
56 56  2.5313091797363e+08
58 56  3.5762786865234e-07
59 56 -1.4569655839552e+08
115 56  2.4595790511710e+07
116 56 -5.5145202989563e+07
118 56  6.2776946012378e+04
119 56  1.2993883254453e+08
121 56 -2.4658567457722e+07
122 56 -7.4789918423684e+07
54 57 -2.5659509649307e-02
57 57  7.7957684067605e-02
60 57 -3.6615514354652e-02
117 57 -8.8068775031454e-03
120 57  1.2236707292204e-02
123 57 -1.1060730812975e-02
55 58  1.6777762149171e+07
56 58  3.5762786865234e-07
58 58  2.9330417904114e+07
59 58 -3.5762786865234e-07
61 58  1.2536341650487e+07
118 58 -8.1652906384577e+06
119 58  2.4658567457722e+07
121 58 -1.4274334241820e+07
122 58 -4.6629025841355e+04
124 58 -6.1011040985629e+06
125 58 -2.4891556093564e+07
56 59 -1.4569655839552e+08
58 59 -3.5762786865234e-07
59 59  3.4290495004458e+08
61 59 -2.3841857910156e-07
62 59 -1.9720305643276e+08
118 59  2.4765486514389e+07
119 59 -7.4789918423684e+07
121 59  4.6629025841474e+04
122 59  1.7602223087098e+08
124 59 -2.4812115540231e+07
125 59 -1.0122957375061e+08
57 60 -3.6615514354652e-02
60 60  9.9261910175116e-02
63 60 -5.0916069158739e-02
120 60 -1.1060730812975e-02
123 60  1.9663733497936e-02
126 60 -1.4310783421394e-02
58 61  1.2536341650487e+07
59 61 -2.3841857910156e-07
61 61  2.1898730855460e+07
62 61  5.9604644775391e-07
121 61 -6.1011040985629e+06
122 61  2.4812115540231e+07
124 61 -1.0657529787566e+07
125 61 -3.4637602084875e+04
59 62 -1.9720305643276e+08
61 62  5.9604644775391e-07
62 62  4.6373242137816e+08
121 62  2.4891556093564e+07
122 62 -1.0122957375061e+08
124 62  3.4637602084637e+04
125 62  2.3804618547852e+08
60 63 -5.0916069158739e-02
63 63  1.2950121423360e-01
123 63 -1.4310783421394e-02
126 63  2.8897821051617e-02
1 64 -6.4586340441415e+06
2 64  3.4581470394969e+04
4 64 -3.7188383131180e+06
5 64  1.5187758732977e+07
64 64  1.2581919870919e+07
65 64  1.1920928955078e-07
67 64  7.2445852472558e+06
68 64 -2.3841857910156e-07
127 64 -6.1232857082746e+06
128 64 -3.4581470394969e+04
130 64 -3.5257469848523e+06
131 64 -1.5187758732977e+07
1 65 -3.4581470395088e+04
2 65  1.4418240505623e+08
4 65  1.5108318179643e+07
5 65 -6.1702465292648e+07
64 65  1.1920928955078e-07
65 65  2.9626111478819e+08
67 65  5.9604644775391e-08
68 65 -1.2678413253641e+08
127 65  3.4581470394969e+04
128 65  1.5207870968575e+08
130 65 -1.5108318179643e+07
131 65 -6.5081667228793e+07
3 66  1.7501803766338e-02
6 66 -8.7228837547842e-03
66 66  8.2359010523275e-02
69 66 -3.2843329979537e-02
129 66  1.8644089671041e-02
132 66 -9.1477007815326e-03
1 67 -3.7188383131180e+06
2 67 -1.5108318179643e+07
4 67 -8.7623299655261e+06
5 67  4.6527811008036e+04
7 67 -5.0513606624480e+06
8 67  1.5341205600651e+07
64 67  7.2445852472558e+06
65 67  5.9604644775391e-08
67 67  1.7069698065902e+07
68 67 -3.5762786865234e-07
70 67  9.8404420857506e+06
71 67  1.1920928955078e-07
127 67 -3.5257469848523e+06
128 67  1.5108318179643e+07
130 67 -8.3073680116328e+06
131 67 -4.6527811008275e+04
133 67 -4.7890814613310e+06
134 67 -1.5341205600651e+07
1 68 -1.5187758732977e+07
2 68 -6.1702465292648e+07
4 68 -4.6527811008036e+04
5 68  1.0797412201424e+08
7 68  1.5234286543985e+07
8 68 -4.6267201655009e+07
64 68 -2.3841857910156e-07
65 68 -1.2678413253641e+08
67 68 -3.5762786865234e-07
68 68  2.2186156309672e+08
70 68  5.9604644775391e-08
71 68 -9.5068276426582e+07
127 68  1.5187758732977e+07
128 68 -6.5081667228793e+07
130 68  4.6527811008394e+04
131 68  1.1388744104379e+08
133 68 -1.5234286543985e+07
134 68 -4.8801074761523e+07
3 69 -8.7228837547842e-03
6 69  1.2059505849661e-02
9 69 -6.8425336088205e-03
66 69 -3.2843329979537e-02
69 69  6.3716427160444e-02
72 69 -2.4039709916135e-02
129 69 -9.1477007815326e-03
132 69  1.2969304097908e-02
135 69 -7.1454157876685e-03
4 70 -5.0513606624480e+06
5 70 -1.5234286543985e+07
7 70 -1.1919400162865e+07
8 70  6.2594676775873e+04
10 70 -6.8822676054436e+06
11 70  1.5547702655761e+07
67 70  9.8404420857506e+06
68 70  5.9604644775391e-08
70 70  2.3219915506666e+07
73 70  1.3407190741434e+07
74 70 -1.1920928955078e-07
130 70 -4.7890814613310e+06
131 70  1.5234286543985e+07
133 70 -1.1300515277170e+07
134 70 -6.2594676775932e+04
136 70 -6.5249231645929e+06
137 70 -1.5547702655761e+07
4 71 -1.5341205600651e+07
5 71 -4.6267201655009e+07
7 71 -6.2594676775873e+04
8 71  8.1071794952809e+07
10 71  1.5403800277427e+07
11 71 -3.4798662365930e+07
67 71  1.1920928955078e-07
68 71 -9.5068276426582e+07
71 71  1.6658357406722e+08
73 71  1.7881393432617e-07
74 71 -7.1503110943935e+07
130 71  1.5341205600651e+07
131 71 -4.8801074761522e+07
133 71  6.2594676775873e+04
134 71  8.5511779079815e+07
136 71 -1.5403800277428e+07
137 71 -3.6704448572046e+07
6 72 -6.8425336088205e-03
9 72  7.6302566870955e-03
12 72 -5.5575375058424e-03
69 72 -2.4039709916135e-02
72 72  5.0616641547519e-02
75 72 -1.7280170267803e-02
132 72 -7.1454157876685e-03
135 72  8.3873466694661e-03
138 72 -5.7640002698062e-03
7 73 -6.8822676054436e+06
8 73 -1.5403800277427e+07
10 73 -1.6270902132950e+07
11 73  8.4198887422264e+04
13 73 -9.4143458444505e+06
14 73  1.5825579779849e+07
70 73  1.3407190741434e+07
71 73  1.7881393432617e-07
73 73  3.1696978631864e+07
76 73  1.8339875430167e+07
77 73 -5.9604644775391e-08
133 73 -6.5249231645929e+06
134 73  1.5403800277428e+07
136 73 -1.5426076448712e+07
137 73 -8.4198887422383e+04
139 73 -8.9255296073155e+06
140 73 -1.5825579779849e+07
7 74 -1.5547702655761e+07
8 74 -3.4798662365930e+07
10 74 -8.4198887422383e+04
11 74  6.1083863292864e+07
13 74  1.5631901543183e+07
14 74 -2.6277333469545e+07
70 74 -1.1920928955078e-07
71 74 -7.1503110943935e+07
74 74  1.2551305015158e+08
76 74  1.7881393432617e-07
77 74 -5.3993773397015e+07
133 74  1.5547702655761e+07
134 74 -3.6704448572046e+07
136 74  8.4198887422383e+04
137 74  6.4429186825065e+07
139 74 -1.5631901543183e+07
140 74 -2.7716439925162e+07
9 75 -5.5575375058424e-03
12 75  3.8040862749774e-03
15 75 -4.7590020742220e-03
72 75 -1.7280170267803e-02
75 75  4.1926702457539e-02
78 75 -1.1953409002896e-02
135 75 -5.7640002698062e-03
138 75  4.4755140051132e-03
141 75 -4.8857122740326e-03
10 76 -9.4143458444505e+06
11 76 -1.5631901543183e+07
13 76 -2.2313100977503e+07
14 76  1.1324178813255e+05
16 76 -1.2945183556899e+07
17 76  1.6199493146316e+07
73 76  1.8339875430167e+07
74 76  1.7881393432617e-07
76 76  4.3467650325855e+07
77 76 -2.3841857910156e-07
79 76  2.5218220989534e+07
80 76 -5.9604644775391e-08
136 76 -8.9255296073155e+06
137 76  1.5631901543183e+07
139 76 -2.1154549310357e+07
140 76 -1.1324178813279e+05
142 76 -1.2273037449031e+07
143 76 -1.6199493146316e+07
10 77 -1.5825579779849e+07
11 77 -2.6277333469545e+07
13 77 -1.1324178813243e+05
14 77  4.6233427448452e+07
16 77  1.5938821567982e+07
17 77 -1.9945706428977e+07
73 77 -5.9604644775391e-08
74 77 -5.3993773397015e+07
76 77 -2.3841857910156e-07
77 77  9.4998878359205e+07
79 77 -1.7881393432617e-07
80 77 -4.0983760941209e+07
136 77  1.5825579779849e+07
137 77 -2.7716439925162e+07
139 77  1.1324178813267e+05
140 77  4.8765450874892e+07
142 77 -1.5938821567982e+07
143 77 -2.1038054513492e+07
12 78 -4.7590020742220e-03
15 78  2.1147400994600e-04
18 78 -4.3856115928490e-03
75 78 -1.1953409002896e-02
78 78  3.6931313240390e-02
81 78 -7.5670573672063e-03
138 78 -4.8857122740326e-03
141 78  8.5819558297184e-04
144 78 -4.4416442351157e-03
13 79 -1.2945183556899e+07
14 79 -1.5938821567982e+07
16 79 -3.0781382230057e+07
17 79  1.5227389534807e+05
19 79 -1.7919960750019e+07
20 79  1.6702604968330e+07
76 79  2.5218220989534e+07
77 79 -1.7881393432617e-07
79 79  5.9964518609790e+07
80 79  5.9604644775391e-08
82 79  3.4909472581888e+07
139 79 -1.2273037449031e+07
140 79  1.5938821567982e+07
142 79 -2.9183136350807e+07
143 79 -1.5227389534795e+05
145 79 -1.6989511844400e+07
146 79 -1.6702604968330e+07
13 80 -1.6199493146316e+07
14 80 -1.9945706428977e+07
16 80 -1.5227389534807e+05
17 80  3.5200281867174e+07
19 80  1.6351767041664e+07
20 80 -1.5240943291543e+07
76 80 -5.9604644775391e-08
77 80 -4.0983760941209e+07
79 80  5.9604644775391e-08
80 80  7.2328345107426e+07
82 80  1.7881393432617e-07
83 80 -3.1316573244364e+07
139 80  1.6199493146316e+07
140 80 -2.1038054513492e+07
142 80  1.5227389534801e+05
143 80  3.7128063198604e+07
145 80 -1.6351767041664e+07
146 80 -1.6075629957955e+07
15 81 -4.3856115928490e-03
18 81 -3.5201808513896e-03
21 81 -4.4216928389653e-03
78 81 -7.5670573672063e-03
81 81  3.5290043557205e-02
84 81 -3.6970643207607e-03
141 81 -4.4416442351157e-03
144 81 -2.8366427448774e-03
147 81 -4.4089304493423e-03
16 82 -1.7919960750019e+07
17 82 -1.6351767041664e+07
19 82 -4.2787732910948e+07
20 82  2.0471572503698e+05
22 82 -2.5018720969313e+07
23 82  1.7379513526701e+07
79 82  3.4909472581888e+07
80 82  1.7881393432617e-07
82 82  8.3353820393381e+07
83 82  2.3841857910156e-07
85 82  4.8738407747307e+07
86 82 -2.3841857910156e-07
142 82 -1.6989511844400e+07
143 82  1.6351767041664e+07
145 82 -4.0566087460245e+07
146 82 -2.0471572503686e+05
148 82 -2.3719686787651e+07
149 82 -1.7379513526701e+07
16 83 -1.6702604968330e+07
17 83 -1.5240943291543e+07
19 83 -2.0471572503698e+05
20 83  2.7003541219847e+07
22 83  1.6907320693367e+07
23 83 -1.1744845359253e+07
80 83 -3.1316573244364e+07
82 83  2.3841857910156e-07
83 83  5.5485960497785e+07
85 83  1.1920928955078e-07
86 83 -2.4132909808127e+07
142 83  1.6702604968330e+07
143 83 -1.6075629957955e+07
145 83  2.0471572503674e+05
146 83  2.8482419226045e+07
148 83 -1.6907320693368e+07
149 83 -1.2388064458654e+07
18 84 -4.4216928389653e-03
21 84 -7.8190293563765e-03
24 84 -4.9021897016737e-03
81 84 -3.6970643207607e-03
84 84  3.7044743753521e-02
87 84  6.2404511061687e-05
144 84 -4.4089304493423e-03
147 84 -7.0288742106685e-03
150 84 -4.8147516778156e-03
19 85 -2.5018720969313e+07
20 85 -1.6907320693368e+07
22 85 -5.5650948339603e+07
23 85  2.5614538789570e+05
25 85 -3.0758542523443e+07
26 85  1.8191214469596e+07
82 85  4.8738407747307e+07
83 85  1.1920928955078e-07
85 85  1.0841236112762e+08
88 85  5.9920025054047e+07
145 85 -2.3719686787651e+07
146 85  1.6907320693368e+07
148 85 -5.2761412769782e+07
149 85 -2.5614538789558e+05
151 85 -2.9161482539182e+07
152 85 -1.8191214469596e+07
19 86 -1.7379513526701e+07
20 86 -1.1744845359253e+07
22 86 -2.5614538789558e+05
23 86  2.2196238618380e+07
25 86  1.7635658914596e+07
26 86 -1.0430079826110e+07
82 86 -2.3841857910156e-07
83 86 -2.4132909808127e+07
86 86  4.5608078205090e+07
89 86 -2.1431374188612e+07
145 86  1.7379513526701e+07
146 86 -1.2388064458654e+07
148 86  2.5614538789558e+05
149 86  2.3411839522777e+07
151 86 -1.7635658914596e+07
152 86 -1.1001294375624e+07
21 87 -4.9021897016737e-03
24 87 -1.1888294412483e-02
27 87 -5.4923135276996e-03
84 87  6.2404511061687e-05
87 87  4.1089691528985e-02
90 87  2.2737532060234e-03
147 87 -4.8147516778156e-03
150 87 -1.0955229150710e-02
153 87 -5.3555350722512e-03
22 88 -3.0758542523443e+07
23 88 -1.7635658914596e+07
25 88 -6.2955112730398e+07
26 88  2.7792133230531e+05
28 88 -3.2189340635142e+07
29 88  1.9024691358568e+07
85 88  5.9920025054047e+07
88 88  1.2264143953739e+08
89 88  2.3841857910156e-07
91 88  6.2707330682556e+07
92 88 -1.1920928955078e-07
148 88 -2.9161482539182e+07
149 88  1.7635658914596e+07
151 88 -5.9686326789439e+07
152 88 -2.7792133230495e+05
154 88 -3.0517990056390e+07
155 88 -1.9024691358568e+07
22 89 -1.8191214469596e+07
23 89 -1.0430079826110e+07
25 89 -2.7792133230531e+05
26 89  2.1367867183911e+07
28 89  1.8469135801901e+07
29 89 -1.0915713139983e+07
86 89 -2.1431374188612e+07
88 89  2.3841857910156e-07
89 89  4.3905968690312e+07
91 89  2.3841857910156e-07
92 89 -2.2429237046961e+07
148 89  1.8191214469596e+07
149 89 -1.1001294375624e+07
151 89  2.7792133230507e+05
152 89  2.2538101435141e+07
154 89 -1.8469135801901e+07
155 89 -1.1513523920710e+07
24 90 -5.4923135276996e-03
27 90 -1.3937527292151e-02
30 90 -5.7478156267406e-03
87 90  2.2737532060234e-03
90 90  4.4412777443429e-02
93 90  2.3793216233438e-03
150 90 -5.3555350722512e-03
153 90 -1.2909843030565e-02
156 90 -5.6046778816763e-03
25 91 -3.2189340635142e+07
26 91 -1.8469135801901e+07
28 91 -6.5816387141467e+07
29 91  2.7790911494577e+05
31 91 -3.3620131561874e+07
32 91  1.9858156028514e+07
88 91  6.2707330682556e+07
89 91  2.3841857910156e-07
91 91  1.2821542388061e+08
92 91  2.3841857910156e-07
94 91  6.5494622314191e+07
95 91  1.1920928955078e-07
151 91 -3.0517990056390e+07
152 91  1.8469135801901e+07
154 91 -6.2399036720793e+07
155 91 -2.7790911494553e+05
157 91 -3.1874490761692e+07
158 91 -1.9858156028514e+07
25 92 -1.9024691358568e+07
26 92 -1.0915713139983e+07
28 92 -2.7790911494577e+05
29 92  2.2338151849790e+07
31 92  1.9302600473514e+07
32 92 -1.1401325171020e+07
88 92 -1.1920928955078e-07
89 92 -2.2429237046961e+07
91 92  2.3841857910156e-07
92 92  4.5899676709657e+07
94 92  2.3841857910156e-07
95 92 -2.3427056174058e+07
151 92  1.9024691358568e+07
152 92 -1.1513523920710e+07
154 92  2.7790911494553e+05
155 92  2.3561524785368e+07
157 92 -1.9302600473514e+07
158 92 -1.2025731017381e+07
27 93 -5.7478156267406e-03
30 93 -1.4571225727473e-02
33 93 -6.0033158092523e-03
90 93  2.3793216233438e-03
93 93  4.6430823077070e-02
96 93  2.4848977606994e-03
153 93 -5.6046778816763e-03
156 93 -1.3496838099764e-02
159 93 -5.8538186723589e-03
28 94 -3.3620131561874e+07
29 94 -1.9302600473514e+07
31 94 -6.8677674572767e+07
32 94  2.7789839312184e+05
34 94 -3.5050916447315e+07
35 94  2.0691609976636e+07
91 94  6.5494622314191e+07
92 94  2.3841857910156e-07
94 94  1.3378943358825e+08
95 94  3.5762786865234e-07
97 94  6.8281902176922e+07
98 94  2.3841857910156e-07
154 94 -3.1874490761692e+07
155 94  1.9302600473514e+07
157 94 -6.5111758996336e+07
158 94 -2.7789839312172e+05
160 94 -3.3230985739381e+07
161 94 -2.0691609976635e+07
28 95 -1.9858156028514e+07
29 95 -1.1401325171020e+07
31 95 -2.7789839312184e+05
32 95  2.3308476630395e+07
34 95  2.0136054421636e+07
35 95 -1.1886918434239e+07
91 95  1.1920928955078e-07
92 95 -2.3427056174058e+07
94 95  3.5762786865234e-07
95 95  4.7893467155379e+07
97 95  2.3841857910156e-07
98 95 -2.4424836737682e+07
154 95  1.9858156028514e+07
155 95 -1.2025731017381e+07
157 95  2.7789839312148e+05
158 95  2.4584990447246e+07
160 95 -2.0136054421636e+07
161 95 -1.2537918318395e+07
30 96 -6.0033158092523e-03
33 96 -1.5204917018153e-02
36 96 -6.2588143331032e-03
93 96  2.4848977606994e-03
96 96  4.8448897901976e-02
99 96  2.5904807906432e-03
156 96 -5.8538186723589e-03
159 96 -1.4083825636029e-02
162 96 -6.1029577121992e-03
31 97 -3.5050916447315e+07
32 97 -2.0136054421636e+07
34 97 -7.1538973759680e+07
35 97  2.7788893347371e+05
37 97 -3.6481696030478e+07
38 97  2.1525054466775e+07
94 97  6.8281902176922e+07
95 97  2.3841857910156e-07
97 97  1.3936346619674e+08
98 97  2.3841857910156e-07
100 97  7.1069171710406e+07
157 97 -3.3230985739381e+07
158 97  2.0136054421636e+07
160 97 -6.7824492417112e+07
161 97 -2.7788893347323e+05
163 97 -3.4587475690101e+07
164 97 -2.1525054466775e+07
31 98 -2.0691609976636e+07
32 98 -1.1886918434239e+07
34 98 -2.7788893347371e+05
35 98  2.4278836605715e+07
37 98  2.0969498910109e+07
38 98 -1.2372495130770e+07
94 98  2.3841857910156e-07
95 98 -2.4424836737682e+07
97 98  2.3841857910156e-07
98 98  4.9887329918007e+07
100 98  2.3841857910156e-07
101 98 -2.5422583260636e+07
157 98  2.0691609976635e+07
158 98 -1.2537918318395e+07
160 98  2.7788893347347e+05
161 98  2.5608493231316e+07
163 98 -2.0969498910109e+07
164 98 -1.3050088145429e+07
33 99 -6.2588143331032e-03
36 99 -1.5838602114722e-02
39 99 -6.5143113963934e-03
96 99  2.5904807906432e-03
99 99  5.0466998514583e-02
102 99  2.6960699129405e-03
159 99 -6.1029577121992e-03
162 99 -1.4670806633094e-02
165 99 -6.3520952099020e-03
34 100 -3.6481696030478e+07
35 100 -2.0969498910109e+07
37 100 -7.4400283062686e+07
38 100  2.7788054440618e+05
40 100 -3.7912470593807e+07
41 100  2.2358490566182e+07
97 100  7.1069171710406e+07
98 100  2.3841857910156e-07
100 100  1.4493751851216e+08
101 100  2.3841857910156e-07
103 100  7.3856431464864e+07
104 100  1.1920928955078e-07
160 100 -3.4587475690101e+07
161 100  2.0969498910109e+07
163 100 -7.0537235428728e+07
164 100 -2.7788054440582e+05
166 100 -3.5943960881629e+07
167 100 -2.2358490566182e+07
34 101 -2.1525054466775e+07
35 101 -1.2372495130770e+07
37 101 -2.7788054440606e+05
38 101  2.5249227808072e+07
40 101  2.1802935011182e+07
41 101 -1.2858057242672e+07
98 101 -2.5422583260636e+07
100 101  2.3841857910156e-07
101 101  5.1881256844892e+07
103 101  2.3841857910156e-07
104 101 -2.6420299815589e+07
160 101  2.1525054466775e+07
161 101 -1.3050088145429e+07
163 101  2.7788054440582e+05
164 101  2.6632028952604e+07
166 101 -2.1802935011182e+07
167 101 -1.3562242589090e+07
36 102 -6.5143113963934e-03
39 102 -1.6472281643482e-02
42 102 -6.7698071363820e-03
99 102  2.6960699129405e-03
102 102  5.2485121845347e-02
105 102  2.8016642965906e-03
162 102 -6.3520952099020e-03
165 102 -1.5257781760294e-02
168 102 -6.6012313149451e-03
37 103 -3.7912470593807e+07
38 103 -2.1802935011182e+07
40 103 -7.1398411186732e+07
41 103  2.5772838364446e+05
43 103 -3.3348777533038e+07
44 103  2.3088411783160e+07
100 103  7.3856431464864e+07
101 103  2.3841857910156e-07
103 103  1.3908963941246e+08
104 103  1.1920928955078e-07
106 103  6.4966003628765e+07
163 103 -3.5943960881629e+07
164 103  2.1802935011182e+07
166 103 -6.7691228202287e+07
167 103 -2.5772838364458e+05
169 103 -3.1617226108599e+07
170 103 -2.3088411783160e+07
37 104 -2.2358490566182e+07
38 104 -1.2858057242672e+07
40 104 -2.5772838364470e+05
41 104  2.8532659363699e+07
43 104  2.2616218949826e+07
44 104 -1.5657922569864e+07
100 104  1.1920928955078e-07
101 104 -2.6420299815589e+07
103 104  1.1920928955078e-07
104 104  5.8627940617656e+07
106 104  1.1920928955078e-07
107 104 -3.2173368111954e+07
163 104  2.2358490566182e+07
164 104 -1.3562242589090e+07
166 104  2.5772838364458e+05
167 104  3.0095281171995e+07
169 104 -2.2616218949827e+07
170 104 -1.6515445555124e+07
39 105 -6.7698071363820e-03
42 105 -1.5225390620483e-02
45 105 -6.5345124312480e-03
102 105  2.8016642965906e-03
105 105  5.2707767280614e-02
108 105  8.2113332658859e-05
165 105 -6.6012313149451e-03
168 105 -1.4028930078739e-02
171 105 -6.4179782984240e-03
40 106 -3.3348777533038e+07
41 106 -2.2616218949826e+07
43 106 -5.8953204133787e+07
44 106  2.0660367345202e+05
46 106 -2.5447606263357e+07
47 106  2.3645853383278e+07
103 106  6.4966003628765e+07
104 106  1.1920928955078e-07
106 106  1.1484541139894e+08
107 106 -1.1920928955078e-07
109 106  4.9573909536852e+07
110 106  2.3841857910156e-07
166 106 -3.1617226108599e+07
167 106  2.2616218949827e+07
169 106 -5.5892207234490e+07
170 106 -2.0660367345202e+05
172 106 -2.4126303291288e+07
173 106 -2.3645853383278e+07
40 107 -2.3088411783160e+07
41 107 -1.5657922569864e+07
43 107 -2.0660367345190e+05
44 107  3.7316556681882e+07
46 107  2.3295015456612e+07
47 107 -2.1645671291964e+07
104 107 -3.2173368111954e+07
106 107 -1.1920928955078e-07
107 107  7.6676794835885e+07
110 107 -4.4476791066758e+07
166 107  2.3088411783160e+07
167 107 -1.6515445555124e+07
169 107  2.0660367345202e+05
170 107  3.9360238082569e+07
172 107 -2.3295015456612e+07
173 107 -2.2831119782083e+07
42 108 -6.5345124312480e-03
45 108 -1.0734407165428e-02
48 108 -6.2792719639907e-03
105 108  8.2113332658859e-05
108 108  5.1053072302198e-02
111 108 -5.2510275937228e-03
168 108 -6.4179782984240e-03
171 108 -9.6461862812395e-03
174 108 -6.2611621947071e-03
43 109 -2.5447606263357e+07
44 109 -2.3295015456611e+07
46 109 -4.4810878101086e+07
47 109  1.5332824274123e+05
49 109 -1.9277078095014e+07
50 109  2.4059853204353e+07
106 109  4.9573909536852e+07
109 109  8.7295064066121e+07
112 109  3.7553242354257e+07
113 109 -1.1920928955078e-07
169 109 -2.4126303291288e+07
170 109  2.3295015456612e+07
172 109 -4.2484185922826e+07
173 109 -1.5332824274159e+05
175 109 -1.8276164283659e+07
176 109 -2.4059853204353e+07
43 110 -2.3645853383279e+07
44 110 -2.1645671291965e+07
46 110 -1.5332824274159e+05
47 110  5.1358999786699e+07
49 110  2.3799181626020e+07
50 110 -2.9703921611116e+07
106 110  2.3841857910156e-07
107 110 -4.4476791066758e+07
110 110  1.0553073054801e+08
112 110 -1.1920928955078e-07
113 110 -6.1034610464224e+07
169 110  2.3645853383278e+07
170 110 -2.2831119782083e+07
172 110  1.5332824274159e+05
173 110  5.4171730700705e+07
175 110 -2.3799181626020e+07
176 110 -3.1330688854984e+07
45 111 -6.2792719639907e-03
48 111 -5.0956803613681e-03
51 111 -6.5309071386452e-03
108 111 -5.2510275937228e-03
111 111  5.1409742249679e-02
114 111 -1.1269122127812e-02
171 111 -6.2611621947071e-03
174 111 -4.1004887548317e-03
177 111 -6.6143580990892e-03
46 112 -1.9277078095014e+07
47 112 -2.3799181626020e+07
49 112 -3.3851331973094e+07
50 112  1.1383007550800e+05
52 112 -1.4526819717441e+07
53 112  2.4367361516528e+07
109 112  3.7553242354257e+07
110 112 -1.1920928955078e-07
112 112  6.5945018702542e+07
113 112  1.1920928955078e-07
115 112  2.8299370813045e+07
172 112 -1.8276164283659e+07
173 112  2.3799181626020e+07
175 112 -3.2093686671704e+07
176 112 -1.1383007550788e+05
178 112 -1.3772551128933e+07
179 112 -2.4367361516528e+07
46 113 -2.4059853204353e+07
47 113 -2.9703921611116e+07
49 113 -1.1383007550788e+05
50 113  7.0259851753096e+07
52 113  2.4173683279861e+07
53 113 -4.0549059706693e+07
109 113 -1.1920928955078e-07
110 113 -6.1034610464224e+07
112 113  1.1920928955078e-07
113 113  1.4436755997953e+08
115 113  1.1920928955078e-07
116 113 -8.3318832323787e+07
172 113  2.4059853204353e+07
173 113 -3.1330688854984e+07
175 113  1.1383007550776e+05
176 113  7.4107708172031e+07
178 113 -2.4173683279861e+07
179 113 -4.2769772613531e+07
48 114 -6.5309071386452e-03
51 114  3.4429944334815e-04
54 114 -7.3435228500610e-03
111 114 -1.1269122127812e-02
114 114  5.6077766503599e-02
117 114 -1.8445356104183e-02
174 114 -6.6143580990892e-03
177 114  1.3258951214006e-03
180 114 -7.5390518941975e-03
49 115 -1.4526819717441e+07
50 115 -2.4173683279861e+07
52 115 -2.5458945192926e+07
53 115  8.4526616848111e+04
55 115 -1.0905998819876e+07
56 115  2.4595790511710e+07
112 115  2.8299370813045e+07
113 115  1.1920928955078e-07
115 115  4.9595998745360e+07
116 115 -2.3841857910156e-07
118 115  2.1245731027413e+07
119 115 -4.7683715820312e-07
175 115 -1.3772551128933e+07
176 115  2.4173683279861e+07
178 115 -2.4137053473780e+07
179 115 -8.4526616848111e+04
181 115 -1.0339732252862e+07
182 115 -2.4595790511710e+07
49 116 -2.4367361516528e+07
50 116 -4.0549059706693e+07
52 116 -8.4526616848111e+04
53 116  9.5699303760174e+07
55 116  2.4451888133377e+07
56 116 -5.5145202989563e+07
113 116 -8.3318832323787e+07
115 116 -2.3841857910156e-07
116 116  1.9663968296716e+08
118 116 -2.3841857910156e-07
119 116 -1.1331049239550e+08
175 116  2.4367361516528e+07
176 116 -4.2769772613531e+07
178 116  8.4526616848350e+04
179 116  1.0094037915432e+08
181 116 -2.4451888133377e+07
182 116 -5.8165289396499e+07
51 117 -7.3435228500610e-03
54 117  5.9727194039604e-03
57 117 -8.8068775031454e-03
114 117 -1.8445356104183e-02
117 117  6.5659893113739e-02
120 117 -2.7383556134162e-02
177 117 -7.5390518941975e-03
180 117  7.0239490302342e-03
183 117 -9.1340559188911e-03
52 118 -1.0905998819876e+07
53 118 -2.4451888133377e+07
55 118 -1.9085688821071e+07
56 118  6.2776946012378e+04
58 118 -8.1652906384577e+06
59 118  2.4765486514389e+07
115 118  2.1245731027413e+07
116 118 -2.3841857910156e-07
118 118  3.7180401342152e+07
121 118  1.5906619030075e+07
178 118 -1.0339732252862e+07
179 118  2.4451888133377e+07
181 118 -1.8094712414285e+07
182 118 -6.2776946012378e+04
184 118 -7.7413284530880e+06
185 118 -2.4765486514389e+07
52 119 -2.4595790511710e+07
53 119 -5.5145202989563e+07
55 119 -6.2776946012378e+04
56 119  1.2993883254453e+08
58 119  2.4658567457722e+07
59 119 -7.4789918423684e+07
115 119 -4.7683715820312e-07
116 119 -1.1331049239550e+08
119 119  2.6699390519216e+08
121 119  3.5762786865234e-07
122 119 -1.5367578725943e+08
178 119  2.4595790511710e+07
179 119 -5.8165289396499e+07
181 119  6.2776946012378e+04
182 119  1.3705507259220e+08
184 119 -2.4658567457723e+07
185 119 -7.8885868819499e+07
54 120 -8.8068775031454e-03
57 120  1.2236707292204e-02
60 120 -1.1060730812975e-02
117 120 -2.7383556134162e-02
120 120  8.1111607848364e-02
123 120 -3.8859468737557e-02
180 120 -9.1340559188911e-03
183 120  1.3449754107310e-02
186 120 -1.1550331091611e-02
55 121 -8.1652906384577e+06
56 121 -2.4658567457722e+07
58 121 -1.4274334241820e+07
59 121  4.6629025841474e+04
61 121 -6.1011040985629e+06
62 121  2.4891556093564e+07
118 121  1.5906619030075e+07
119 121  3.5762786865234e-07
121 121  2.7807509710223e+07
122 121 -2.3841857910156e-07
124 121  1.1885423625036e+07
181 121 -7.7413284530880e+06
182 121  2.4658567457723e+07
184 121 -1.3533175323730e+07
185 121 -4.6629025841594e+04
187 121 -5.7843196096746e+06
188 121 -2.4891556093564e+07
55 122 -2.4765486514389e+07
56 122 -7.4789918423684e+07
58 122 -4.6629025841355e+04
59 122  1.7602223087098e+08
61 122  2.4812115540231e+07
62 122 -1.0122957375061e+08
119 122 -1.5367578725943e+08
121 122 -2.3841857910156e-07
122 122  3.6168450877198e+08
124 122 -1.1920928955078e-07
125 122 -2.0800309410865e+08
181 122  2.4765486514389e+07
182 122 -7.8885868819499e+07
184 122  4.6629025841594e+04
185 122  1.8566227783794e+08
187 122 -2.4812115540231e+07
188 122 -1.0677352033347e+08
57 123 -1.1060730812975e-02
60 123  1.9663733497936e-02
63 123 -1.4310783421394e-02
120 123 -3.8859468737557e-02
123 123  1.0386375327447e-01
126 123 -5.3882873847689e-02
183 123 -1.1550331091611e-02
186 123  2.1146691222694e-02
189 123 -1.5007739756301e-02
58 124 -6.1011040985629e+06
59 124 -2.4812115540231e+07
61 124 -1.0657529787566e+07
62 124  3.4637602084637e+04
121 124  1.1885423625036e+07
122 124 -1.1920928955078e-07
124 124  2.0761694329376e+07
125 124 -2.3841857910156e-07
184 124 -5.7843196096746e+06
185 124  2.4812115540231e+07
187 124 -1.0104164346159e+07
188 124 -3.4637602085114e+04
58 125 -2.4891556093564e+07
59 125 -1.0122957375061e+08
61 125 -3.4637602084875e+04
