%%MatrixMarket matrix coordinate real general
3363 3363 99397
1 1  1.6423071595778e-03
2 1 -7.4216160581565e-04
3 1 -3.7007434154172e-09
4 1 -2.6838451576043e-04
6 1 -9.2767990869949e-05
7 1 -9.2518585385430e-10
58 1 -9.0015085741902e-04
59 1  2.5905203907919e-09
62 1  3.6115582332047e-04
63 1  1.7546727655570e-09
1 2 -7.4216160581565e-04
2 2  3.5487653875469e+06
3 2  8.7140754605719e-09
4 2 -9.2765689063464e-05
6 2 -1.7743826886399e+06
7 2  1.5533234628942e-08
58 2  1.7743826857199e+06
59 2  1.7763568394003e-08
62 2 -8.8719134343196e+05
63 2 -1.1111111111111e+06
1 3 -3.7007434154172e-09
2 3  8.7140754605719e-09
3 3  3.7107903720461e+06
4 3  3.3333333333333e+05
6 3  4.4444444444444e+05
7 3  9.2769758270476e+05
58 3  5.8373350964532e-09
59 3 -1.8553951729947e+06
62 3 -7.7777777777776e+05
63 3 -4.6384879540794e+05
1 4 -2.6838451576043e-04
2 4 -9.2765689063464e-05
3 4  3.3333333333333e+05
4 4  5.5269245766222e+04
5 4 -3.0303366867293e-05
6 4  7.3692326478093e+04
7 4 -2.7939677238464e-09
8 4 -1.0967914644951e-04
9 4 -3.3333333333333e+05
10 4 -2.5326537403495e+04
12 4 -3.3768716447070e+04
13 4 -8.3333333333330e+04
58 4  3.6115610990353e-04
59 4 -1.6666666666666e+05
62 4 -1.2896157224432e+05
63 4  1.8626451492310e-09
64 4  1.3998059939076e-04
65 4  1.6666666666667e+05
70 4  5.9095253850572e+04
71 4  4.1666666666668e+04
4 5 -3.0303366867293e-05
5 5  8.8319604867942e-04
6 5 -1.0967775009371e-04
7 5 -3.7007434154172e-10
8 5 -8.7743040303559e-04
9 5 -1.4802973661669e-09
10 5 -3.0303591812142e-05
12 5 -1.0967730020402e-04
13 5 -3.7007434154170e-10
62 5  1.3998208487560e-04
63 5 -3.8519900854827e-10
64 5 -5.7687061972351e-06
65 5  1.4802973661669e-09
70 5  1.3998298465496e-04
71 5  1.1253476916318e-09
1 6 -9.2767990869949e-05
2 6 -1.7743826886399e+06
3 6  4.4444444444444e+05
4 6  7.3692326478093e+04
5 6 -1.0967775009371e-04
6 6  2.9640691543848e+06
7 6  3.7252902984619e-09
8 6 -1.5008318458918e+06
9 6 -4.4444444444448e+05
10 6 -3.3768716447078e+04
12 6  1.4257902523601e+05
13 6 -1.1111111111110e+05
58 6 -8.8719134343196e+05
59 6  8.8888888888879e+05
62 6  1.2609575933177e+06
63 6  5.5879354476929e-08
64 6 -7.5041592304405e+05
65 6 -8.8888888888882e+05
70 6  1.7259566234164e+05
71 6  3.3333333333334e+05
1 7 -9.2518585385430e-10
2 7  1.5533234628942e-08
3 7  9.2769758270476e+05
4 7 -2.7939677238464e-09
5 7 -3.7007434154172e-10
6 7  3.7252902984619e-09
7 7  5.0612076745646e+05
8 7 -2.0022523891646e-08
9 7  1.0967854521904e+06
10 7  8.3333333333334e+04
12 7  1.1111111111110e+05
13 7  2.7419636322941e+05
58 7  8.1366916560129e-09
59 7 -4.6384879540791e+05
62 7  9.3132257461548e-09
63 7 -2.5306038012461e+05
64 7 -6.3105185304055e-09
65 7 -5.4839272744597e+05
70 7 -1.9444444444445e+05
71 7 -1.3709818144586e+05
4 8 -1.0967914644951e-04
5 8 -8.7743040303559e-04
6 8 -1.5008318458918e+06
7 8 -2.0022523891646e-08
8 8  3.0016636961708e+06
9 8  9.6241843684037e-08
10 8 -1.0967464520313e-04
12 8 -1.5008318458918e+06
13 8 -1.4032998244263e-08
62 8 -7.5041592304400e+05
63 8  1.1111111111110e+06
64 8  1.5008318427977e+06
70 8 -7.5041592304404e+05
71 8 -1.1111111111111e+06
4 9 -3.3333333333333e+05
5 9 -1.4802973661669e-09
6 9 -4.4444444444448e+05
7 9  1.0967854521904e+06
8 9  9.6241843684037e-08
9 9  4.3871418221997e+06
10 9  3.3333333333333e+05
12 9  4.4444444444434e+05
13 9  1.0967854521904e+06
62 9  7.7777777777774e+05
63 9 -5.4839272744594e+05
64 9  6.2923895503687e-08
65 9 -2.1935709083984e+06
70 9 -7.7777777777780e+05
71 9 -5.4839272744595e+05
4 10 -2.5326537403495e+04
5 10 -3.0303591812142e-05
6 10 -3.3768716447078e+04
7 10  8.3333333333334e+04
8 10 -1.0967464520313e-04
9 10  3.3333333333333e+05
10 10  4.6748564948397e+04
11 10  2.0430095722884e-06
12 10  6.2331418731385e+04
13 10  4.1909515857697e-09
14 10 -1.2964058764497e-04
15 10 -3.3333333333331e+05
16 10 -2.1422027067864e+04
18 10 -2.8562702643366e+04
19 10 -8.3333333333327e+04
62 10  5.9095253850569e+04
63 10 -4.1666666666668e+04
64 10  1.3998509946234e-04
65 10 -1.6666666666667e+05
70 10 -1.0907998367981e+05
71 10  9.0803951025009e-09
72 10  1.2763892627908e-04
73 10  1.6666666666665e+05
78 10  4.9984729711206e+04
79 10  4.1666666666649e+04
10 11  2.0430095722884e-06
11 11  9.6843340578790e-04
12 11 -1.2966986234345e-04
13 11 -3.7007434154175e-10
14 11 -1.0373529687336e-03
15 11 -1.4802973661670e-09
16 11  2.0428193064637e-06
18 11 -1.2966948181181e-04
19 11 -3.7007434154175e-10
70 11  1.2762571592349e-04
71 11  7.5588231915733e-10
72 11  6.8920885311935e-05
73 11  1.4802973661673e-09
78 11  1.2762647698678e-04
79 11 -1.5733636073693e-11
4 12 -3.3768716447070e+04
5 12 -1.0967730020402e-04
6 12  1.4257902523601e+05
7 12  1.1111111111110e+05
8 12 -1.5008318458918e+06
9 12  4.4444444444434e+05
10 12  6.2331418731385e+04
11 12 -1.2966986234345e-04
12 12  2.5071081997192e+06
13 12  6.8917870521545e-08
14 12 -1.2694534547022e+06
15 12 -4.4444444444423e+05
16 12 -2.8562702643336e+04
18 12  1.2059807803219e+05
19 12 -1.1111111111104e+05
62 12  1.7259566234164e+05
63 12 -3.3333333333326e+05
64 12 -7.5041592304405e+05
65 12  8.8888888888903e+05
70 12  1.0665598391085e+06
71 12 -2.4214386940002e-07
72 12 -6.3472672761864e+05
73 12 -8.8888888888938e+05
78 12  1.4598714741719e+05
79 12  3.3333333333333e+05
4 13 -8.3333333333330e+04
5 13 -3.7007434154170e-10
6 13 -1.1111111111110e+05
7 13  2.7419636322941e+05
8 13 -1.4032998244263e-08
9 13  1.0967854521904e+06
10 13  4.1909515857697e-09
11 13 -3.7007434154175e-10
12 13  6.8917870521545e-08
13 13  5.9836944733648e+05
14 13 -1.2131401628281e-07
15 13  1.2966923121435e+06
16 13  8.3333333333327e+04
18 13  1.1111111111116e+05
19 13  3.2417307802361e+05
62 13  1.9444444444444e+05
63 13 -1.3709818144587e+05
64 13 -3.3157557067143e-09
65 13 -5.4839272744592e+05
70 13  2.3283064365387e-08
71 13 -2.9918472148669e+05
72 13 -5.3995669993655e-08
73 13 -6.4834615721425e+05
78 13 -1.9444444444440e+05
79 13 -1.6208653886893e+05
10 14 -1.2964058764497e-04
11 14 -1.0373529687336e-03
12 14 -1.2694534547022e+06
13 14 -1.2131401628281e-07
14 14  2.5389069145912e+06
15 14 -3.8017508695244e-07
16 14 -1.2969798889765e-04
18 14 -1.2694534547023e+06
19 14 -1.1965445822588e-07
70 14 -6.3472672761869e+05
71 14  1.1111111111115e+06
72 14  1.2694534513471e+06
73 14  3.5527136788005e-07
78 14 -6.3472672761855e+05
79 14 -1.1111111111113e+06
10 15 -3.3333333333331e+05
11 15 -1.4802973661670e-09
12 15 -4.4444444444423e+05
13 15  1.2966923121435e+06
14 15 -3.8017508695244e-07
15 15  5.1867692608260e+06
16 15  3.3333333333331e+05
18 15  4.4444444444462e+05
19 15  1.2966923121435e+06
70 15  7.7777777777779e+05
71 15 -6.4834615721439e+05
72 15 -1.6344219088521e-07
73 15 -2.5933846281279e+06
78 15 -7.7777777777761e+05
79 15 -6.4834615721404e+05
10 16 -2.1422027067864e+04
11 16  2.0428193064637e-06
12 16 -2.8562702643336e+04
13 16  8.3333333333327e+04
14 16 -1.2969798889765e-04
15 16  3.3333333333331e+05
16 16  3.9541490045078e+04
17 16  3.4446873934508e-05
18 16  5.2721985389862e+04
19 16 -1.9327877089381e-04
20 16 -1.5330480236713e-04
21 16 -3.3333333333333e+05
22 16 -1.8119462483130e+04
24 16 -2.4159283170956e+04
25 16 -8.3333333140057e+04
70 16  4.9984729711219e+04
71 16 -4.1666666666676e+04
72 16  1.2761365043752e-04
73 16 -1.6666666666665e+05
78 16 -9.2263475434920e+04
79 16  9.6657080575824e-05
80 16  1.1885700461419e-04
81 16  1.6666666666666e+05
86 16  4.2278745654089e+04
87 16  4.1666666570029e+04
16 17  3.4446873934508e-05
17 17  1.0808831427174e-03
18 17 -1.5330333745358e-04
19 17 -7.4014868480006e-10
20 17 -1.2264285888708e-03
21 17 -2.9605947323338e-09
22 17  3.4446551348086e-05
24 17 -1.5330349767562e-04
25 17 -7.4014868136681e-10
78 17  1.1885644960572e-04
79 17  3.3341339671540e-10
80 17  1.4554507164720e-04
81 17  1.8503717079482e-09
86 17  1.1885733474708e-04
87 17  5.9177245689917e-10
10 18 -2.8562702643366e+04
11 18 -1.2966948181181e-04
12 18  1.2059807803219e+05
13 18  1.1111111111116e+05
14 18 -1.2694534547023e+06
15 18  4.4444444444462e+05
16 18  5.2721985389862e+04
17 18 -1.5330333745358e-04
18 18  2.1205954385905e+06
19 18 -2.5763688609004e-04
20 18 -1.0737459215465e+06
21 18 -4.4444444444434e+05
22 18 -2.4159283170957e+04
24 18  1.0200586245582e+05
25 18 -1.1111111085340e+05
70 18  1.4598714741727e+05
71 18 -3.3333333333336e+05
72 18 -6.3472672761863e+05
73 18  8.8888888888942e+05
78 18  9.0213175798302e+05
79 18 -3.8633868098259e-04
80 18 -5.3687296121765e+05
81 18 -8.8888888785782e+05
86 18  1.2348078131368e+05
87 18  3.3333333268933e+05
10 19 -8.3333333333327e+04
11 19 -3.7007434154175e-10
12 19 -1.1111111111104e+05
13 19  3.2417307802361e+05
14 19 -1.1965445822588e-07
15 19  1.2966923121435e+06
16 19 -1.9327877089381e-04
17 19 -7.4014868480006e-10
18 19 -2.5763688609004e-04
19 19  7.0743194185601e+05
20 19  8.8563855603965e-09
21 19  1.5330354271869e+06
22 19  8.3333333526606e+04
24 19  1.1111111136881e+05
25 19  3.8325885570114e+05
70 19  1.9444444444446e+05
71 19 -1.6208653886905e+05
72 19 -5.3165890965187e-08
73 19 -6.4834615721425e+05
78 19  4.5101810246706e-04
79 19 -3.5371596908268e+05
80 19  7.2744935619810e-10
81 19 -7.6651771455981e+05
86 19 -1.9444444489542e+05
87 19 -1.9162942772978e+05
16 20 -1.5330480236713e-04
17 20 -1.2264285888708e-03
18 20 -1.0737459215465e+06
19 20  8.8563855603965e-09
20 20  2.1474918517154e+06
21 20 -1.2120870241079e-07
22 20 -1.5330222001517e-04
24 20 -1.0737459240368e+06
25 20 -3.1862967213242e-08
78 20 -5.3687296121763e+05
79 20  1.1111111121422e+06
80 20  1.0737459190813e+06
81 20 -2.0615686935343e-03
86 20 -5.3687296246276e+05
87 20 -1.1111111100806e+06
16 21 -3.3333333333333e+05
17 21 -2.9605947323338e-09
18 21 -4.4444444444434e+05
19 21  1.5330354271869e+06
20 21 -1.2120870241079e-07
21 21  6.1321417059355e+06
22 21  3.3333333333333e+05
24 21  4.4444444444450e+05
25 21  1.5330354200757e+06
78 21  7.7777777777782e+05
79 21 -7.6651771455992e+05
80 21 -7.5407324867061e-08
81 21 -3.0660708510350e+06
86 21 -7.7777777777773e+05
87 21 -7.6651771100417e+05
16 22 -1.8119462483130e+04
17 22  3.4446551348086e-05
18 22 -2.4159283170957e+04
19 22  8.3333333526606e+04
20 22 -1.5330222001517e-04
21 22  3.3333333333333e+05
22 22  3.3445506558126e+04
23 22  6.7818409622915e-05
24 22  4.4594007232531e+04
25 22 -6.0196872800589e-04
26 22 -1.8121296685291e-04
27 22 -3.3333333333331e+05
28 22 -1.5326043549981e+04
30 22 -2.0434724563430e+04
31 22 -8.3333332924629e+04
78 22  4.2278745654087e+04
79 22 -4.1666666763305e+04
80 22  1.1885668611205e-04
81 22 -1.6666666666666e+05
86 22 -7.8039513790685e+04
87 22  3.0100625008345e-04
88 22  1.1344277697361e-04
89 22  1.6666666666666e+05
94 22  3.5760768113390e+04
95 22  4.1666666462295e+04
22 23  6.7818409622915e-05
23 23  1.2237050310269e-03
24 23 -1.8124630491312e-04
25 23  1.8503717167812e-10
26 23 -1.4499631447178e-03
27 23  7.4014868308274e-10
28 23  6.7818476016813e-05
30 23 -1.8124643925792e-04
31 23  1.8503716986315e-10
86 23  1.1342689064851e-04
87 23  7.7313164073990e-10
88 23  2.2626046328079e-04
89 23 -7.4014868684292e-10
94 23  1.1342661829290e-04
95 23 -1.1432059785225e-09
16 24 -2.4159283170956e+04
17 24 -1.5330349767562e-04
18 24  1.0200586245582e+05
19 24  1.1111111136881e+05
20 24 -1.0737459240368e+06
21 24  4.4444444444450e+05
22 24  4.4594007232531e+04
23 24 -1.8124630491312e-04
24 24  1.7936700993748e+06
25 24 -8.0242613330483e-04
26 24 -9.0820998276028e+05
27 24 -4.4444444444401e+05
28 24 -2.0434724563397e+04
30 24  8.6279948312024e+04
31 24 -1.1111111056606e+05
78 24  1.2348078131374e+05
79 24 -3.3333333397788e+05
80 24 -5.3687296246280e+05
81 24  8.8888888991917e+05
86 24  7.6305302211673e+05
87 24 -1.2032501399517e-03
88 24 -4.5410499201392e+05
89 24 -8.8888888671036e+05
94 24  1.0444414853722e+05
95 24  3.3333333196986e+05
16 25 -8.3333333140057e+04
17 25 -7.4014868136681e-10
18 25 -1.1111111085340e+05
19 25  3.8325885570114e+05
20 25 -3.1862967213242e-08
21 25  1.5330354200757e+06
22 25 -6.0196872800589e-04
23 25  1.8503717167812e-10
24 25 -8.0242613330483e-04
25 25  8.3637283698453e+05
26 25 -2.7656806072326e-07
27 25  1.8124558977753e+06
28 25  8.3333333742026e+04
30 25  1.1111111165615e+05
31 25  4.5311397181469e+05
78 25  1.9444444399347e+05
79 25 -1.9162942772980e+05
80 25 -1.9632227013455e-08
81 25 -7.6651771100420e+05
86 25  1.4046914875507e-03
87 25 -4.1818641693166e+05
88 25 -1.3458328692807e-07
89 25 -9.0622794970512e+05
94 25 -1.9444444539801e+05
95 25 -2.2655698580502e+05
22 26 -1.8121296685291e-04
23 26 -1.4499631447178e-03
24 26 -9.0820998276028e+05
25 26 -2.7656806072326e-07
26 26  1.8164199772249e+06
27 26 -7.7077762775685e-07
28 26 -1.8127719148921e-04
30 26 -9.0820998721483e+05
31 26 -2.4524073802806e-07
86 26 -4.5410499201403e+05
87 26  1.1111111132892e+06
88 26  9.0820998081775e+05
89 26 -4.3593217924354e-03
94 26 -4.5410499424105e+05
95 26 -1.1111111089299e+06
22 27 -3.3333333333331e+05
23 27  7.4014868308274e-10
24 27 -4.4444444444401e+05
25 27  1.8124558977753e+06
26 27 -7.7077762775685e-07
27 27  7.2498235664344e+06
28 27  3.3333333333331e+05
30 27  4.4444444444480e+05
31 27  1.8124558799974e+06
86 27  7.7777777777791e+05
87 27 -9.0622794970559e+05
88 27 -3.7058584021676e-07
89 27 -3.6249117815823e+06
94 27 -7.7777777777754e+05
95 27 -9.0622794081559e+05
22 28 -1.5326043549981e+04
23 28  6.7818476016813e-05
24 28 -2.0434724563397e+04
25 28  8.3333333742026e+04
26 28 -1.8127719148921e-04
27 28  3.3333333333331e+05
28 28  3.0652087643997e+04
29 28  6.7818476016832e-05
30 28  4.0869448583108e+04
31 28 -1.4435499906540e-08
32 28 -1.8124602497253e-04
33 28 -3.3333333333333e+05
34 28 -1.5326043549982e+04
36 28 -2.0434724563414e+04
37 28 -8.3333333742022e+04
86 28  3.5760768113405e+04
87 28 -4.1666666871035e+04
88 28  1.1341202488226e-04
89 28 -1.6666666666666e+05
94 28 -7.1521536227087e+04
95 28  2.6309862732887e-08
96 28  1.1342760814062e-04
97 28  1.6666666666667e+05
102 28  3.5760768113400e+04
103 28  4.1666666871013e+04
28 29  6.7818476016832e-05
29 29  1.2237050310269e-03
30 29 -1.8124532660672e-04
31 29 -1.8503716986339e-10
32 29 -1.4499653700203e-03
33 29 -7.4014868308340e-10
34 29  6.7818409622903e-05
36 29 -1.8124519226186e-04
37 29 -1.8503717167833e-10
94 29  1.1342717461852e-04
95 29 -2.1802012757388e-10
96 29  2.2625935062955e-04
97 29  7.4014868150151e-10
102 29  1.1342744697412e-04
103 29  5.8809447069667e-10
22 30 -2.0434724563430e+04
23 30 -1.8124643925792e-04
24 30  8.6279948312024e+04
25 30  1.1111111165615e+05
26 30 -9.0820998721483e+05
27 30  4.4444444444480e+05
28 30  4.0869448583108e+04
29 30 -1.8124532660672e-04
30 30  1.6438600814307e+06
31 30  1.3876706361771e-07
32 30 -9.0820998721679e+05
33 30 -4.4444444444433e+05
34 30 -2.0434724563415e+04
36 30  8.6279948314156e+04
37 30 -1.1111111165602e+05
86 30  1.0444414853724e+05
87 30 -3.3333333469466e+05
88 30 -4.5410499424119e+05
89 30  8.8888889106975e+05
94 30  6.9932168868921e+05
95 30 -6.0349702835083e-07
96 30 -4.5410499424214e+05
97 30 -8.8888889106734e+05
102 30  1.0444414853806e+05
103 30  3.3333333469649e+05
22 31 -8.3333332924629e+04
23 31  1.8503716986315e-10
24 31 -1.1111111056606e+05
25 31  4.5311397181469e+05
26 31 -2.4524073802806e-07
27 31  1.8124558799974e+06
28 31 -1.4435499906540e-08
29 31 -1.8503716986339e-10
30 31  1.3876706361771e-07
31 31  9.0622794181267e+05
32 31 -1.5041775912632e-08
33 31  1.8124558799977e+06
34 31  8.3333332924644e+04
36 31  1.1111111056618e+05
37 31  4.5311397181472e+05
86 31  1.9444444349085e+05
87 31 -2.2655698580532e+05
88 31 -1.1891962561677e-07
89 31 -9.0622794081603e+05
94 31  9.9651515483856e-08
95 31 -4.5311396947575e+05
96 31 -1.1221631353583e-08
97 31 -9.0622794081627e+05
102 31 -1.9444444349084e+05
103 31 -2.2655698580519e+05
28 32 -1.8124602497253e-04
29 32 -1.4499653700203e-03
30 32 -9.0820998721679e+05
31 32 -1.5041775912632e-08
32 32  1.8164199772291e+06
33 32 -1.3155041316966e-07
34 32 -1.8124688392582e-04
36 32 -9.0820998276256e+05
37 32 -6.0793511527783e-09
94 32 -4.5410499424218e+05
95 32  1.1111111089324e+06
96 32  9.0820998081979e+05
97 32  4.3593217924354e-03
102 32 -4.5410499201504e+05
103 32 -1.1111111132918e+06
28 33 -3.3333333333333e+05
29 33 -7.4014868308340e-10
30 33 -4.4444444444433e+05
31 33  1.8124558799977e+06
32 33 -1.3155041316966e-07
33 33  7.2498235664347e+06
34 33  3.3333333333333e+05
36 33  4.4444444444444e+05
37 33  1.8124558977753e+06
94 33  7.7777777777779e+05
95 33 -9.0622794081633e+05
96 33 -8.0578180246498e-08
97 33 -3.6249117815827e+06
102 33 -7.7777777777776e+05
103 33 -9.0622794970498e+05
28 34 -1.5326043549982e+04
29 34  6.7818409622903e-05
30 34 -2.0434724563415e+04
31 34  8.3333332924644e+04
32 34 -1.8124688392582e-04
33 34  3.3333333333333e+05
34 34  3.3445506579140e+04
35 34  3.4446752647904e-05
36 34  4.4594007260605e+04
37 34  4.0866713970900e-04
38 34 -1.5337428969858e-04
39 34 -3.3333333333335e+05
40 34 -1.8119462504144e+04
42 34 -2.4159283198943e+04
43 34 -8.3333333333320e+04
94 34  3.5760768113399e+04
95 34 -4.1666666462323e+04
96 34  1.1342581843712e-04
97 34 -1.6666666666668e+05
102 34 -7.8039513839692e+04
103 34 -2.0437547937036e-04
104 34  1.1882081233688e-04
105 34  1.6666666666668e+05
110 34  4.2278745703136e+04
111 34  4.1666666666698e+04
34 35  3.4446752647904e-05
35 35  1.0808831418375e-03
36 35 -1.5330374752424e-04
37 35 -1.8503717077089e-10
38 35 -1.2264280881070e-03
39 35 -7.4014868308332e-10
40 35  3.4446672181256e-05
42 35 -1.5330358659100e-04
43 35 -1.8503717077082e-10
102 35  1.1885660645678e-04
103 35  3.1421670176376e-10
104 35  1.4554532077566e-04
105 35  7.4014868308444e-10
110 35  1.1885692832311e-04
111 35  5.5857639778494e-11
28 36 -2.0434724563414e+04
29 36 -1.8124519226186e-04
30 36  8.6279948314156e+04
31 36  1.1111111056618e+05
32 36 -9.0820998276256e+05
33 36  4.4444444444444e+05
34 36  4.4594007260605e+04
35 36 -1.5330374752424e-04
36 36  1.7936700992584e+06
37 36  5.4477201774716e-04
38 36 -1.0737459240369e+06
39 36 -4.4444444444524e+05
40 36 -2.4159283199014e+04
42 36  1.0200586257281e+05
43 36 -1.1111111111117e+05
94 36  1.0444414853826e+05
95 36 -3.3333333197211e+05
96 36 -4.5410499201504e+05
97 36  8.8888888670681e+05
102 36  7.6305302197437e+05
103 36  8.1605836749077e-04
104 36 -5.3687296246286e+05
105 36 -8.8888888889272e+05
110 36  1.2348078145637e+05
111 36  3.3333333333250e+05
28 37 -8.3333333742022e+04
29 37 -1.8503717167833e-10
30 37 -1.1111111165602e+05
31 37  4.5311397181472e+05
32 37 -6.0793511527783e-09
33 37  1.8124558977753e+06
34 37  4.0866713970900e-04
35 37 -1.8503717077089e-10
36 37  5.4477201774716e-04
37 37  8.3637283831800e+05
38 37  2.3445838754475e-07
39 37  1.5330354218540e+06
40 37  8.3333333333356e+04
42 37  1.1111111111102e+05
43 37  3.8325885525674e+05
94 37  1.9444444539805e+05
95 37 -2.2655698580518e+05
96 37 -6.7404190099551e-09
97 37 -9.0622794970504e+05
102 37 -9.5361005514860e-04
103 37 -4.1818641759808e+05
104 37  1.2018978850470e-07
105 37 -7.6651771189341e+05
110 37 -1.9444444444456e+05
111 37 -1.9162942750771e+05
34 38 -1.5337428969858e-04
35 38 -1.2264280881070e-03
36 38 -1.0737459240369e+06
37 38  2.3445838754475e-07
38 38  2.1474918542061e+06
39 38  1.4682619258043e-06
40 38 -1.5323080522539e-04
42 38 -1.0737459240370e+06
43 38  9.2542690145658e-08
102 38 -5.3687296246260e+05
103 38  1.1111111111116e+06
104 38  1.0737459203266e+06
105 38 -5.6843418860808e-07
110 38 -5.3687296246303e+05
111 38 -1.1111111111116e+06
34 39 -3.3333333333335e+05
35 39 -7.4014868308332e-10
36 39 -4.4444444444524e+05
37 39  1.5330354218540e+06
38 39  1.4682619258043e-06
39 39  6.1321416988247e+06
40 39  3.3333333333335e+05
42 39  4.4444444444377e+05
43 39  1.5330354218533e+06
102 39  7.7777777777745e+05
103 39 -7.6651771189253e+05
104 39  7.4597334183141e-07
105 39 -3.0660708474796e+06
110 39 -7.7777777777817e+05
111 39 -7.6651771189382e+05
34 40 -1.8119462504144e+04
35 40  3.4446672181256e-05
36 40 -2.4159283199014e+04
37 40  8.3333333333356e+04
38 40 -1.5323080522539e-04
39 40  3.3333333333335e+05
40 40  3.9541490022039e+04
41 40  2.0432012269145e-06
42 40  5.2721985359092e+04
43 40 -5.7127140462398e-04
44 40 -1.2966513536253e-04
45 40 -3.3333333333335e+05
46 40 -2.1422027023811e+04
48 40 -2.8562702584614e+04
49 40 -8.3333332762084e+04
102 40  4.2278745703101e+04
103 40 -4.1666666666638e+04
104 40  1.1889384203864e-04
105 40 -1.6666666666668e+05
110 40 -9.2263475381186e+04
111 40  2.8560077771544e-04
112 40  1.2762484523954e-04
113 40  1.6666666666667e+05
118 40  4.9984729608423e+04
119 40  4.1666666381041e+04
40 41  2.0432012269145e-06
41 41  9.6843340699632e-04
42 41 -1.2966015670314e-04
43 41 -1.1102230322353e-09
44 41 -1.0373712428639e-03
45 41 -4.4408920984993e-09
46 41  2.0426284434540e-06
48 41 -1.2966091598858e-04
49 41 -1.1102230170144e-09
110 41  1.2762999829074e-04
111 41 -7.0555213352004e-09
112 41  6.8911750238430e-05
113 41  2.2204460909870e-09
118 41  1.2763133035973e-04
119 41  8.1657443180869e-09
34 42 -2.4159283198943e+04
35 42 -1.5330358659100e-04
36 42  1.0200586257281e+05
37 42  1.1111111111102e+05
38 42 -1.0737459240370e+06
39 42  4.4444444444377e+05
40 42  5.2721985359092e+04
41 42 -1.2966015670314e-04
42 42  2.1205954342497e+06
43 42 -7.6167425140738e-04
44 42 -1.2694534477375e+06
45 42 -4.4444444444434e+05
46 42 -2.8562702584620e+04
48 42  1.2059807778208e+05
49 42 -1.1111111034943e+05
102 42  1.2348078145616e+05
103 42 -3.3333333333271e+05
104 42 -5.3687296246284e+05
105 42  8.8888888889244e+05
110 42  9.0213175590564e+05
111 42 -1.1412054300308e-03
112 42 -6.3472672413614e+05
113 42 -8.8888888584535e+05
118 42  1.4598714711616e+05
119 42  3.3333333142714e+05
34 43 -8.3333333333320e+04
35 43 -1.8503717077082e-10
36 43 -1.1111111111117e+05
37 43  3.8325885525674e+05
38 43  9.2542690145658e-08
39 43  1.5330354218533e+06
40 43 -5.7127140462398e-04
41 43 -1.1102230322353e-09
42 43 -7.6167425140738e-04
43 43  7.0743194474483e+05
44 43 -8.0858150121665e-08
45 43  1.2966923236993e+06
46 43  8.3333333904593e+04
48 43  1.1111111187283e+05
49 43  3.2417307869034e+05
102 43  1.9444444444438e+05
103 43 -1.9162942750749e+05
104 43  4.9231939805160e-08
105 43 -7.6651771189296e+05
110 43  1.3329731300473e-03
111 43 -3.5371597052723e+05
112 43 -2.6736324329921e-08
113 43 -6.4834616299209e+05
118 43 -1.9444444577736e+05
119 43 -1.6208653920231e+05
40 44 -1.2966513536253e-04
41 44 -1.0373712428639e-03
42 44 -1.2694534477375e+06
43 44 -8.0858150121665e-08
44 44  2.5389069093641e+06
45 44 -2.4478387650426e-07
46 44 -1.2965549654045e-04
48 44 -1.2694534564397e+06
49 44 -3.7495131414786e-08
110 44 -6.3472672413627e+05
111 44  1.1111111141557e+06
112 44  1.2694534487335e+06
113 44 -6.0936145018786e-03
118 44 -6.3472672848720e+05
119 44 -1.1111111080621e+06
40 45 -3.3333333333335e+05
41 45 -4.4408920984993e-09
42 45 -4.4444444444434e+05
43 45  1.2966923236993e+06
44 45 -2.4478387650426e-07
45 45  5.1867692714936e+06
46 45  3.3333333333336e+05
48 45  4.4444444444458e+05
49 45  1.2966923059215e+06
110 45  7.7777777777786e+05
111 45 -6.4834616299229e+05
112 45 -6.7620935703945e-08
113 45 -2.5933846334616e+06
118 45 -7.7777777777776e+05
119 45 -6.4834615410312e+05
40 46 -2.1422027023811e+04
41 46  2.0426284434540e-06
42 46 -2.8562702584620e+04
43 46  8.3333333904593e+04
44 46 -1.2965549654045e-04
45 46  3.3333333333336e+05
46 46  4.6748564904345e+04
47 46 -3.0303143045274e-05
48 46  6.2331418672716e+04
49 46  1.0413303971291e-04
50 46 -1.0979231048311e-04
51 46 -3.3333333333333e+05
52 46 -2.5326537403496e+04
54 46 -3.3768716447015e+04
55 46 -8.3333334008711e+04
110 46  4.9984729608420e+04
111 46 -4.1666666952293e+04
112 46  1.2763670380527e-04
113 46 -1.6666666666667e+05
118 46 -1.0907998357699e+05
119 46 -5.2126357331872e-05
120 46  1.3992570424974e-04
121 46  1.6666666666666e+05
126 46  5.9095253850603e+04
127 46  4.1666667004404e+04
46 47 -3.0303143045274e-05
47 47  8.8319604867942e-04
48 47 -1.0968417143358e-04
49 47 -1.1102230156253e-09
50 47 -8.7741620890899e-04
51 47 -4.4408920984934e-09
52 47 -3.0303815634187e-05
54 47 -1.0968507299069e-04
55 47 -1.1102230336220e-09
118 47  1.3997819916058e-04
119 47  5.0540082819599e-09
120 47 -5.7616091339897e-06
121 47  2.2204460784218e-09
126 47  1.3997977330670e-04
127 47 -3.9437852865057e-09
40 48 -2.8562702584614e+04
41 48 -1.2966091598858e-04
42 48  1.2059807778208e+05
43 48  1.1111111187283e+05
44 48 -1.2694534564397e+06
45 48  4.4444444444458e+05
46 48  6.2331418672716e+04
47 48 -1.0968417143358e-04
48 48  2.5071082077903e+06
49 48  1.3863202184439e-04
50 48 -1.5008318519865e+06
51 48 -4.4444444444534e+05
52 48 -3.3768716447136e+04
54 48  1.4257902524286e+05
55 48 -1.1111111201174e+05
110 48  1.4598714711602e+05
111 48 -3.3333333523590e+05
112 48 -6.3472672848731e+05
113 48  8.8888889193754e+05
118 48  1.0665598433238e+06
119 48  2.0545348525047e-04
120 48 -7.5041592609136e+05
121 48 -8.8888889248153e+05
126 48  1.7259566234369e+05
127 48  3.3333333559184e+05
40 49 -8.3333332762084e+04
41 49 -1.1102230170144e-09
42 49 -1.1111111034943e+05
43 49  3.2417307869034e+05
44 49 -3.7495131414786e-08
45 49  1.2966923059215e+06
46 49  1.0413303971291e-04
47 49 -1.1102230156253e-09
48 49  1.3863202184439e-04
49 49  5.9836943911428e+05
50 49  4.8670863554689e-07
51 49  1.0967854433014e+06
52 49  8.3333332657952e+04
54 49  1.1111111021035e+05
55 49  2.7419636322940e+05
110 49  1.9444444311153e+05
111 49 -1.6208653920238e+05
112 49 -5.0548151642121e-09
113 49 -6.4834615410319e+05
118 49 -2.4307984858751e-04
119 49 -2.9918471737530e+05
120 49  2.4150394608077e-07
121 49 -5.4839272300142e+05
126 49 -1.9444444286868e+05
127 49 -1.3709818144606e+05
46 50 -1.0979231048311e-04
47 50 -8.7741620890899e-04
48 50 -1.5008318519865e+06
49 50  4.8670863554689e-07
50 50  3.0016636961952e+06
51 50  1.8027917543291e-06
52 50 -1.0955768864876e-04
54 50 -1.5008318398219e+06
55 50  2.6414222044286e-07
118 50 -7.5041592609091e+05
119 50  1.1111111075178e+06
120 50  1.5008318428101e+06
121 50  7.2043349064188e-03
126 50 -7.5041592000946e+05
127 50 -1.1111111147223e+06
46 51 -3.3333333333333e+05
47 51 -4.4408920984934e-09
48 51 -4.4444444444534e+05
49 51  1.0967854433014e+06
50 51  1.8027917543291e-06
51 51  4.3871418221996e+06
52 51  3.3333333333333e+05
54 51  4.4444444444354e+05
55 51  1.0967854610793e+06
118 51  7.7777777777731e+05
119 51 -5.4839272300059e+05
120 51  8.9399439033383e-07
121 51 -2.1935709083982e+06
126 51 -7.7777777777822e+05
127 51 -5.4839273189112e+05
46 52 -2.5326537403496e+04
47 52 -3.0303815634187e-05
48 52 -3.3768716447136e+04
49 52  8.3333332657952e+04
50 52 -1.0955768864876e-04
51 52  3.3333333333333e+05
52 52  5.5269245709544e+04
53 52 -6.3501051271104e-05
54 52  7.3692326516288e+04
55 52  1.4738333411515e-03
56 52 -9.2764032026120e-05
57 52 -3.3333333333331e+05
118 52  5.9095253850542e+04
119 52 -4.1666666328919e+04
120 52  1.4004189086376e-04
121 52 -1.6666666666666e+05
126 52 -1.2896157222593e+05
127 52 -7.3695858009160e-04
128 52  1.5627413732797e-04
129 52  1.6666666666667e+05
52 53 -6.3501051271104e-05
53 53  8.2277595479555e-04
54 53 -9.2765289168679e-05
55 53 -9.2518584498898e-10
56 53 -7.4216567682821e-04
57 53 -3.7007434154169e-09
126 53  1.5627237849182e-04
127 53 -2.0118165875290e-09
128 53 -8.0621689209621e-05
129 53  1.4802973479195e-09
46 54 -3.3768716447015e+04
47 54 -1.0968507299069e-04
48 54  1.4257902524286e+05
49 54  1.1111111021035e+05
50 54 -1.5008318398219e+06
51 54  4.4444444444354e+05
52 54  7.3692326516288e+04
53 54 -9.2765289168679e-05
54 54  2.9640691569596e+06
55 54  1.9651893526316e-03
56 54 -1.7743826955564e+06
57 54 -4.4444444444442e+05
118 54  1.7259566234497e+05
119 54 -3.3333333108672e+05
120 54 -7.5041592000918e+05
121 54  8.8888888528516e+05
126 54  1.2609575948320e+06
127 54  2.9618963599205e-03
128 54 -8.8719134770987e+05
129 54 -8.8888889311506e+05
46 55 -8.3333334008711e+04
47 55 -1.1102230336220e-09
48 55 -1.1111111201174e+05
49 55  2.7419636322940e+05
50 55  2.6414222044286e-07
51 55  1.0967854610793e+06
52 55  1.4738333411515e-03
53 55 -9.2518584498898e-10
54 55  1.9651893526316e-03
55 55  5.0612076586848e+05
56 55 -3.1719133709626e-07
57 55  9.2769757620536e+05
118 55  1.9444444602026e+05
119 55 -1.3709818144572e+05
120 55  1.3022073849874e-07
121 55 -5.4839273189036e+05
126 55 -3.4389011561871e-03
127 55 -2.5306038035527e+05
128 55 -1.5896574288614e-07
129 55 -4.6384878969976e+05
52 56 -9.2764032026120e-05
53 56 -7.4216567682821e-04
54 56 -1.7743826955564e+06
55 56 -3.1719133709626e-07
56 56  3.5487653778205e+06
57 56 -5.3643509889110e-08
126 56 -8.8719134770973e+05
127 56  1.1111111068483e+06
128 56  1.7743826841350e+06
129 56  8.5174178821035e-03
52 57 -3.3333333333331e+05
53 57 -3.7007434154169e-09
54 57 -4.4444444444442e+05
55 57  9.2769757620536e+05
56 57 -5.3643509889110e-08
57 57  3.7107903553781e+06
126 57  7.7777777777774e+05
127 57 -4.6384878969971e+05
128 57 -2.8302052310720e-08
129 57 -1.8553951744952e+06
1 58 -9.0015085741902e-04
2 58  1.7743826857199e+06
3 58  5.8373350964532e-09
4 58  3.6115610990353e-04
6 58 -8.8719134343196e+05
7 58  8.1366916560129e-09
58 58  1.1829218116352e+06
59 58  3.9968028886506e-08
60 58  1.7743826842355e+06
61 58 -9.0076408019305e-08
62 58 -5.9146089929254e+05
63 58 -3.7037037037037e+05
66 58 -8.8719134361748e+05
67 58 -1.7965453716457e-08
134 58  5.9146089183405e+05
135 58  2.6645352591004e-08
138 58 -2.9573044618376e+05
139 58 -3.7037037037034e+05
1 59  2.5905203907919e-09
2 59  1.7763568394003e-08
3 59 -1.8553951729947e+06
4 59 -1.6666666666666e+05
6 59  8.8888888888879e+05
7 59 -4.6384879540791e+05
58 59  3.9968028886506e-08
59 59  4.5671266077726e+06
60 59  2.3092638912203e-07
61 59 -2.9971768206305e+06
62 59  1.7094017094005e+05
63 59  1.1417816415040e+06
66 59 -1.2307692307693e+06
67 59 -7.4929420714017e+05
134 59  9.7699626167014e-08
135 59  4.2816811460635e+05
138 59  3.3760683760672e+05
139 59  1.0704203041338e+05
58 60  1.7743826842355e+06
59 60  2.3092638912203e-07
60 60  1.0646296162640e+07
61 60 -5.6915344321384e-07
62 60 -8.8719134361759e+05
63 60  1.1111111111111e+06
66 60 -5.3231480659196e+06
67 60 -1.1496647107325e-07
134 60  3.5487653706974e+06
135 60  2.1316282072803e-07
138 60 -1.7743826869565e+06
139 60 -2.2222222222221e+06
58 61 -9.0076408019305e-08
59 61 -2.9971768206305e+06
60 61 -5.6915344321384e-07
61 61  7.7070261734192e+06
62 61  1.5128205128205e+06
63 61 -7.4929420714027e+05
66 61  3.0769230769238e+05
67 61  1.9267565129411e+06
134 61 -2.0611495446061e-07
135 61 -4.2816811698077e+06
138 61 -1.8205128205127e+06
139 61 -1.0704202966818e+06
1 62  3.6115582332047e-04
2 62 -8.8719134343196e+05
3 62 -7.7777777777776e+05
4 62 -1.2896157224432e+05
5 62  1.3998208487560e-04
6 62  1.2609575933177e+06
7 62  9.3132257461548e-09
8 62 -7.5041592304400e+05
9 62  7.7777777777774e+05
10 62  5.9095253850569e+04
12 62  1.7259566234164e+05
13 62  1.9444444444444e+05
58 62 -5.9146089929254e+05
59 62  1.7094017094005e+05
60 62 -8.8719134361759e+05
61 62  1.5128205128205e+06
62 62  1.8043072932018e+06
63 62  8.0093741416931e-08
64 62 -5.0027728254312e+05
65 62 -1.7094017094005e+05
66 62  1.5443896189814e+06
67 62 -1.0058283805847e-07
68 62 -7.5041592326386e+05
69 62 -1.5128205128209e+06
70 62 -3.2652713351353e+05
71 62  1.4245014245010e+05
74 62  4.2715983598040e+04
75 62 -3.7820512820522e+05
134 62 -2.9573044618383e+05
135 62 -4.7008547008543e+05
138 62 -1.8197385907539e+05
139 62 -2.0023435354233e-08
140 62 -2.5013864033512e+05
141 62  4.7008547008567e+05
146 62  3.3352620485417e+05
147 62  3.0270655270669e+05
1 63  1.7546727655570e-09
2 63 -1.1111111111111e+06
3 63 -4.6384879540794e+05
4 63  1.8626451492310e-09
5 63 -3.8519900854827e-10
6 63  5.5879354476929e-08
7 63 -2.5306038012461e+05
8 63  1.1111111111110e+06
9 63 -5.4839272744594e+05
10 63 -4.1666666666668e+04
12 63 -3.3333333333326e+05
13 63 -1.3709818144587e+05
58 63 -3.7037037037037e+05
59 63  1.1417816415040e+06
60 63  1.1111111111111e+06
61 63 -7.4929420714027e+05
62 63  8.0093741416931e-08
63 63  1.6351593869922e+06
64 63  3.7037037037025e+05
65 63  1.3498897877319e+06
66 63  3.7997961044312e-07
67 63 -4.0878984557968e+05
68 63 -1.1111111111115e+06
69 63 -8.8586517483470e+05
70 63 -1.4245014245013e+05
71 63 -2.1092027966942e+05
74 63  2.4786324786345e+05
75 63 -2.2146629313637e+05
134 63  3.7037037037037e+05
135 63  1.0704203041351e+05
138 63  3.7718564271927e-08
139 63 -4.4772221157760e+05
140 63 -3.7037037037051e+05
141 63  1.2655216810844e+05
146 63  2.6958689458701e+05
147 63  3.0583440517514e+05
4 64  1.3998059939076e-04
5 64 -5.7687061972351e-06
6 64 -7.5041592304405e+05
7 64 -6.3105185304055e-09
8 64  1.5008318427977e+06
9 64  6.2923895503687e-08
10 64  1.3998509946234e-04
12 64 -7.5041592304405e+05
13 64 -3.3157557067143e-09
62 64 -5.0027728254312e+05
63 64  3.7037037037025e+05
64 64  1.0005545727637e+06
65 64 -1.1546319456102e-07
66 64 -7.5041592326362e+05
67 64  4.9906608339185e-08
68 64  1.5008318410433e+06
69 64  2.2917983721303e-07
70 64 -5.0027728254308e+05
71 64 -3.7037037037033e+05
74 64 -7.5041592326357e+05
75 64  5.5493972410532e-08
138 64 -2.5013864033498e+05
139 64  3.7037037037044e+05
140 64  5.0027728149265e+05
141 64 -1.2434497875802e-07
146 64 -2.5013864033508e+05
147 64 -3.7037037037049e+05
4 65  1.6666666666667e+05
5 65  1.4802973661669e-09
6 65 -8.8888888888882e+05
7 65 -5.4839272744597e+05
9 65 -2.1935709083984e+06
10 65 -1.6666666666667e+05
12 65  8.8888888888903e+05
13 65 -5.4839272744592e+05
62 65 -1.7094017094005e+05
63 65  1.3498897877319e+06
64 65 -1.1546319456102e-07
65 65  5.3995591649923e+06
66 65  1.2307692307702e+06
67 65 -8.8586517483447e+05
68 65 -7.1054273576010e-07
69 65 -3.5434606987882e+06
70 65  1.7094017094017e+05
71 65  1.3498897877317e+06
74 65 -1.2307692307688e+06
75 65 -8.8586517483445e+05
138 65 -3.3760683760670e+05
139 65  1.2655216810804e+05
140 65 -2.6645352591004e-07
141 65  5.0620867072014e+05
146 65  3.3760683760693e+05
147 65  1.2655216810836e+05
58 66 -8.8719134361748e+05
59 66 -1.2307692307693e+06
60 66 -5.3231480659196e+06
61 66  3.0769230769238e+05
62 66  1.5443896189814e+06
63 66  3.7997961044312e-07
64 66 -7.5041592326362e+05
65 66  1.2307692307702e+06
66 66  8.6201127177423e+06
67 66 -1.3876706361771e-07
68 66 -4.5024955376767e+06
69 66 -3.0769230769301e+05
70 66  4.2715983597738e+04
71 66 -2.4786324786320e+05
74 66  5.5242156740825e+05
75 66 -7.6923076923250e+04
134 66 -1.7743826869566e+06
135 66  2.0512820512821e+06
138 66  2.7316548858209e+06
139 66 -5.5134296417236e-07
140 66 -1.5008318461982e+06
141 66 -2.0512820512829e+06
146 66  2.4908036238671e+05
147 66  5.9829059829069e+05
58 67 -1.7965453716457e-08
59 67 -7.4929420714017e+05
60 67 -1.1496647107325e-07
61 67  1.9267565129411e+06
62 67 -1.0058283805847e-07
63 67 -4.0878984557968e+05
64 67  4.9906608339185e-08
65 67 -8.8586517483447e+05
66 67 -1.3876706361771e-07
67 67  1.0511739061074e+06
68 67  3.3462517973864e-07
69 67  2.2779390144344e+06
70 67  3.7820512820519e+05
71 67 -2.2146629313628e+05
74 67  7.6923076922942e+04
75 67  5.6948475460320e+05
134 67 -4.2421442038416e-08
135 67 -1.0704202966820e+06
138 67  5.5879354476929e-08
139 67 -5.8398549297664e+05
140 67  1.1791839215688e-07
141 67 -1.2655216785865e+06
146 67 -4.5512820512838e+05
147 67 -3.1638041873708e+05
62 68 -7.5041592326386e+05
63 68 -1.1111111111115e+06
64 68  1.5008318410433e+06
65 68 -7.1054273576010e-07
66 68 -4.5024955376767e+06
67 68  3.3462517973864e-07
68 68  9.0049910885148e+06
69 68  1.5158211420923e-06
70 68 -7.5041592326338e+05
71 68  1.1111111111113e+06
74 68 -4.5024955376766e+06
75 68  3.6814936416671e-07
138 68 -1.5008318461979e+06
139 68  2.2222222222226e+06
140 68  3.0016636847188e+06
141 68 -8.5265128291212e-07
146 68 -1.5008318461985e+06
147 68 -2.2222222222230e+06
62 69 -1.5128205128209e+06
63 69 -8.8586517483470e+05
64 69  2.2917983721303e-07
65 69 -3.5434606987882e+06
66 69 -3.0769230769301e+05
67 69  2.2779390144344e+06
68 69  1.5158211420923e-06
69 69  9.1117560956568e+06
70 69  1.5128205128207e+06
71 69 -8.8586517483433e+05
74 69  3.0769230769171e+05
75 69  2.2779390144343e+06
138 69  1.8205128205129e+06
139 69 -1.2655216785861e+06
140 69  5.3078037634009e-07
141 69 -5.0620867119930e+06
146 69 -1.8205128205135e+06
147 69 -1.2655216785867e+06
4 70  5.9095253850572e+04
5 70  1.3998298465496e-04
6 70  1.7259566234164e+05
7 70 -1.9444444444445e+05
8 70 -7.5041592304404e+05
9 70 -7.7777777777780e+05
10 70 -1.0907998367981e+05
11 70  1.2762571592349e-04
12 70  1.0665598391085e+06
13 70  2.3283064365387e-08
14 70 -6.3472672761869e+05
15 70  7.7777777777779e+05
16 70  4.9984729711219e+04
18 70  1.4598714741727e+05
19 70  1.9444444444446e+05
62 70 -3.2652713351353e+05
63 70 -1.4245014245013e+05
64 70 -5.0027728254308e+05
65 70  1.7094017094017e+05
66 70  4.2715983597738e+04
67 70  3.7820512820519e+05
68 70 -7.5041592326338e+05
69 70  1.5128205128207e+06
70 70  1.5261430737572e+06
71 70 -2.1234154701233e-07
72 70 -4.2315115184814e+05
73 70 -1.7094017094037e+05
74 70  1.3062960658821e+06
75 70  1.3597309589386e-07
76 70 -6.3472672787748e+05
77 70 -1.5128205128201e+06
78 70 -2.7618750166394e+05
79 70  1.4245014245025e+05
82 70  3.6130598669195e+04
83 70 -3.7820512820503e+05
138 70  3.3352620485401e+05
139 70 -3.0270655270655e+05
140 70 -2.5013864033495e+05
141 70 -4.7008547008550e+05
146 70 -1.5391953750935e+05
147 70  5.7741999626160e-08
148 70 -2.1157557523322e+05
149 70  4.7008547008531e+05
154 70  2.8210754867226e+05
155 70  3.0270655270640e+05
4 71  4.1666666666668e+04
5 71  1.1253476916318e-09
6 71  3.3333333333334e+05
7 71 -1.3709818144586e+05
8 71 -1.1111111111111e+06
9 71 -5.4839272744595e+05
10 71  9.0803951025009e-09
11 71  7.5588231915733e-10
12 71 -2.4214386940002e-07
13 71 -2.9918472148669e+05
14 71  1.1111111111115e+06
15 71 -6.4834615721439e+05
16 71 -4.1666666666676e+04
18 71 -3.3333333333336e+05
19 71 -1.6208653886905e+05
62 71  1.4245014245010e+05
63 71 -2.1092027966942e+05
64 71 -3.7037037037033e+05
65 71  1.3498897877317e+06
66 71 -2.4786324786320e+05
67 71 -2.2146629313628e+05
68 71  1.1111111111113e+06
69 71 -8.8586517483433e+05
70 71 -2.1234154701233e-07
71 71  1.9331935868752e+06
72 71  3.7037037037062e+05
73 71  1.5959289999185e+06
74 71 -4.2468309402466e-07
75 71 -4.8329839672313e+05
76 71 -1.1111111111107e+06
77 71 -1.0473284075804e+06
78 71 -1.4245014245010e+05
79 71 -2.4936390661616e+05
82 71  2.4786324786315e+05
83 71 -2.6183210127531e+05
138 71 -2.6958689458688e+05
139 71  3.0583440517505e+05
140 71  3.7037037037042e+05
141 71  1.2655216810821e+05
146 71 -8.8475644588470e-08
147 71 -5.2932681388722e+05
148 71 -3.7037037037025e+05
149 71  1.4961834417309e+05
154 71  2.6958689458683e+05
155 71  3.6157766408880e+05
10 72  1.2763892627908e-04
11 72  6.8920885311935e-05
12 72 -6.3472672761864e+05
13 72 -5.3995669993655e-08
14 72  1.2694534513471e+06
15 72 -1.6344219088521e-07
16 72  1.2761365043752e-04
18 72 -6.3472672761863e+05
19 72 -5.3165890965187e-08
70 72 -4.2315115184814e+05
71 72  3.7037037037062e+05
72 72  8.4630231277309e+05
73 72  3.5527136788005e-07
74 72 -6.3472672787768e+05
75 72 -6.8054656010484e-08
76 72  1.2694534492720e+06
77 72 -2.8479677890135e-07
78 72 -4.2315115184815e+05
79 72 -3.7037037037044e+05
82 72 -6.3472672787773e+05
83 72 -6.4772446445197e-08
146 72 -2.1157557523333e+05
147 72  3.7037037037035e+05
148 72  4.2315115143912e+05
149 72  1.4210854715202e-07
154 72 -2.1157557523326e+05
155 72 -3.7037037037030e+05
10 73  1.6666666666665e+05
11 73  1.4802973661673e-09
12 73 -8.8888888888938e+05
13 73 -6.4834615721425e+05
14 73  3.5527136788005e-07
15 73 -2.5933846281279e+06
16 73 -1.6666666666665e+05
18 73  8.8888888888942e+05
19 73 -6.4834615721425e+05
70 73 -1.7094017094037e+05
71 73  1.5959289999185e+06
72 73  3.5527136788005e-07
73 73  6.3837160126668e+06
74 73  1.2307692307682e+06
75 73 -1.0473284075806e+06
76 73  9.9475983006414e-07
77 73 -4.1893136305814e+06
78 73  1.7094017094045e+05
79 73  1.5959289999181e+06
82 73 -1.2307692307694e+06
83 73 -1.0473284075806e+06
146 73 -3.3760683760690e+05
147 73  1.4961834417336e+05
148 73  3.5527136788005e-07
149 73  5.9847337534922e+05
154 73  3.3760683760676e+05
155 73  1.4961834417280e+05
62 74  4.2715983598040e+04
