%%MatrixMarket matrix coordinate real general
2532 2532 50380
1 1  8.1842643472951e-02
2 1 -8.1323103826945e-02
4 1  5.5847097070505e-03
6 1 -1.2488198311875e-02
25 1  4.4408920985006e-16
26 1  9.5413207933333e-02
27 1  5.5511151231258e-17
43 1  8.7717017635874e-03
135 1  2.2578678955063e-03
1 2 -8.1323103826945e-02
2 2  1.9981117326650e-01
4 2 -1.2488198311875e-02
6 2  6.3939137745879e-03
25 2  4.4408920985006e-16
26 2  3.8165283191111e-01
43 2 -8.1323103783871e-02
135 2 -1.2488198308654e-02
3 3  1.9981117326650e-01
7 3  6.3939137745879e-03
25 3 -8.8817841970013e-16
26 3 -2.2204460492503e-15
27 3  9.1281387111110e-01
44 3 -8.1323103783871e-02
136 3 -1.2488198308654e-02
1 4  5.5847097070505e-03
2 4 -1.2488198311875e-02
4 4  4.0709392722959e-02
5 4  2.6920953405925e-03
6 4 -3.4447128944145e-02
8 4 -1.0774311808974e-02
10 4 -3.1031157118823e-03
12 4  4.5086218837975e-03
25 4 -7.1559905950001e-02
26 4 -4.7706603966667e-02
27 4  7.1559905963333e-02
28 4  7.1559905950000e-02
29 4 -4.7706603966667e-02
30 4 -7.1559905963333e-02
43 4  2.2578678955064e-03
135 4  2.9274361297655e-03
137 4  2.2253229971123e-03
146 4 -6.7339448800642e-04
4 5  2.6920953405925e-03
5 5  6.8391910500358e-02
6 5 -1.0774311808974e-02
8 5 -6.2766920586726e-02
10 5  2.6920953405959e-03
12 5 -1.0774311808977e-02
28 5  5.5511151231258e-17
29 5  9.5413207933334e-02
30 5 -3.3306690738755e-16
135 5  2.2253229971121e-03
137 5  6.0887970289054e-03
146 5  2.2253229971124e-03
1 6 -1.2488198311875e-02
2 6  6.3939137745879e-03
4 6 -3.4447128944145e-02
5 6 -1.0774311808974e-02
6 6  1.0565305751856e-01
8 6 -1.8789502797851e-03
10 6  4.5086218837971e-03
12 6 -6.0887970289052e-03
25 6 -2.8623962393333e-01
26 6 -1.9082641595555e-01
27 6 -2.6665780694657e-11
28 6  2.8623962393333e-01
29 6 -1.9082641595556e-01
30 6  2.6665752939081e-11
43 6 -1.2488198308655e-02
135 6 -3.4447128922962e-02
137 6 -1.0774311807229e-02
146 6  4.5086218821062e-03
3 7  6.3939137745879e-03
7 7  1.0565305751856e-01
9 7 -1.8789502797851e-03
13 7 -6.0887970289052e-03
25 7 -1.7763568394003e-15
26 7 -1.7763568394003e-15
27 7  2.2820346733336e-01
28 7  1.9984014443253e-15
29 7 -1.1102230246252e-15
30 7  1.8100837244442e-01
44 7 -1.2488198308655e-02
136 7 -3.4447128922962e-02
138 7 -1.0774311807229e-02
147 7  4.5086218821062e-03
4 8 -1.0774311808974e-02
5 8 -6.2766920586726e-02
6 8 -1.8789502797851e-03
8 8  1.7238898892964e-01
10 8 -1.0774311808975e-02
12 8 -1.8789502797784e-03
28 8  2.2204460492503e-16
29 8  3.8165283191111e-01
30 8  2.2204460492503e-16
135 8 -1.0774311807229e-02
137 8 -6.2766920550942e-02
146 8 -1.0774311807230e-02
7 9 -1.8789502797851e-03
9 9  1.7238898892964e-01
13 9 -1.8789502797784e-03
28 9 -2.6645352591004e-15
29 9 -2.2204460492503e-16
30 9  7.2403348977779e-01
136 9 -1.0774311807229e-02
138 9 -6.2766920550942e-02
147 9 -1.0774311807230e-02
4 10 -3.1031157118823e-03
5 10  2.6920953405959e-03
6 10  4.5086218837971e-03
8 10 -1.0774311808975e-02
10 10  3.5727507692464e-02
11 10 -5.5353620767383e-05
12 10 -2.5604425235945e-02
14 10 -9.6414068713127e-03
16 10 -2.1875191810064e-03
18 10  3.7131054400906e-03
28 10 -7.1559905950001e-02
29 10 -4.7706603966667e-02
30 10  7.1559905963333e-02
31 10  7.1559905950000e-02
32 10 -4.7706603966667e-02
33 10 -7.1559905963333e-02
135 10 -6.7339448800639e-04
137 10  2.2253229971124e-03
146 10  1.4626876383094e-03
148 10  2.3127738549729e-03
157 10 -6.0258792944561e-04
10 11 -5.5353620767383e-05
11 11  5.8629064137591e-02
12 11 -9.6414068713102e-03
14 11 -4.7595308422076e-02
16 11 -5.5353620764892e-05
18 11 -9.6414068713132e-03
32 11  9.5413207933333e-02
33 11 -5.8286708792821e-16
146 11  2.3127738549729e-03
148 11  3.7342175586944e-03
157 11  2.3127738549730e-03
4 12  4.5086218837975e-03
5 12 -1.0774311808977e-02
6 12 -6.0887970289052e-03
8 12 -1.8789502797784e-03
10 12 -2.5604425235945e-02
11 12 -9.6414068713102e-03
12 12  9.7551930854380e-02
14 12 -1.0253132819918e-02
16 12  3.7131054400899e-03
18 12 -3.7342175586948e-03
28 12 -2.8623962393333e-01
29 12 -1.9082641595556e-01
30 12 -2.6665669672354e-11
31 12  2.8623962393333e-01
32 12 -1.9082641595555e-01
33 12  2.6666030494837e-11
135 12  4.5086218821064e-03
137 12 -1.0774311807232e-02
146 12 -2.5604425217543e-02
148 12 -9.6414068709465e-03
157 12  3.7131054388762e-03
7 13 -6.0887970289052e-03
9 13 -1.8789502797784e-03
13 13  9.7551930854380e-02
15 13 -1.0253132819918e-02
19 13 -3.7342175586948e-03
28 13 -1.7763568394003e-15
29 13 -1.3322676295502e-15
30 13  1.8100837244448e-01
31 13 -2.2204460492503e-16
32 13 -2.2204460492503e-16
33 13  1.4357376399998e-01
136 13  4.5086218821064e-03
138 13 -1.0774311807232e-02
147 13 -2.5604425217543e-02
149 13 -9.6414068709465e-03
158 13  3.7131054388762e-03
10 14 -9.6414068713127e-03
11 14 -4.7595308422076e-02
12 14 -1.0253132819918e-02
14 14  1.5426250993808e-01
16 14 -9.6414068713119e-03
18 14 -1.0253132819916e-02
32 14  3.8165283191111e-01
33 14 -4.4408920985006e-16
146 14 -9.6414068709490e-03
148 14 -4.7595308391650e-02
157 14 -9.6414068709479e-03
13 15 -1.0253132819918e-02
15 15  1.5426250993808e-01
19 15 -1.0253132819916e-02
31 15 -1.7763568394003e-15
32 15 -1.1102230246252e-15
33 15  5.7429505599998e-01
147 15 -9.6414068709490e-03
149 15 -4.7595308391650e-02
158 15 -9.6414068709479e-03
10 16 -2.1875191810064e-03
11 16 -5.5353620764892e-05
12 16  3.7131054400899e-03
14 16 -9.6414068713119e-03
16 16  3.2672151674327e-02
17 16 -2.8057873415313e-03
18 16 -1.8142385111487e-02
20 16 -9.0283940904842e-03
22 16 -1.3898799282486e-03
23 16  3.1178102310174e-03
31 16 -7.1559905950001e-02
32 16 -4.7706603966667e-02
33 16  7.1559905963333e-02
34 16  7.1559905950001e-02
35 16 -4.7706603966667e-02
36 16 -7.1559905963333e-02
146 16 -6.0258792944563e-04
148 16  2.3127738549730e-03
157 16  7.6811436913710e-05
159 16  2.5249360668047e-03
168 16 -5.6427462984662e-04
16 17 -2.8057873415313e-03
17 17  5.2027664082246e-02
18 17 -9.0283940904823e-03
20 17 -3.4990171082872e-02
22 17 -2.8057874068258e-03
23 17 -9.0283940636109e-03
35 17  9.5413207933333e-02
36 17  5.2735593669695e-16
157 17  2.5249360668045e-03
159 17  1.5809977673764e-03
168 17  2.5249360688953e-03
10 18  3.7131054400906e-03
11 18 -9.6414068713132e-03
12 18 -3.7342175586948e-03
14 18 -1.0253132819916e-02
16 18 -1.8142385111487e-02
17 18 -9.0283940904823e-03
18 18  9.4711082232589e-02
20 18 -1.9180193296217e-02
22 18  3.1178102310168e-03
23 18 -1.5809977673768e-03
31 18 -2.8623962393333e-01
32 18 -1.9082641595555e-01
33 18 -2.6665558650052e-11
34 18  2.8623962393333e-01
35 18 -1.9082641595555e-01
36 18  2.6665725183506e-11
146 18  3.7131054388770e-03
148 18 -9.6414068709495e-03
157 18 -1.8142385094871e-02
159 18 -9.0283940914805e-03
168 18  3.1178102302150e-03
13 19 -3.7342175586948e-03
15 19 -1.0253132819916e-02
19 19  9.4711082232589e-02
21 19 -1.9180193296217e-02
24 19 -1.5809977673768e-03
32 19 -4.4408920985006e-16
33 19  1.4357376400001e-01
34 19  1.1102230246252e-16
35 19 -7.2164496600635e-16
36 19  1.1388106288889e-01
147 19  3.7131054388770e-03
149 19 -9.6414068709495e-03
158 19 -1.8142385094871e-02
160 19 -9.0283940914805e-03
169 19  3.1178102302150e-03
16 20 -9.0283940904842e-03
17 20 -3.4990171082872e-02
18 20 -1.9180193296217e-02
20 20  1.4445430524073e-01
22 20 -9.0283940636096e-03
23 20 -1.9180193495291e-02
34 20  2.2204460492503e-16
35 20  3.8165283191111e-01
36 20  2.2204460492503e-16
157 20 -9.0283940914818e-03
159 20 -3.4990171056167e-02
168 20 -9.0283940646076e-03
19 21 -1.9180193296217e-02
21 21  1.4445430524073e-01
24 21 -1.9180193495291e-02
34 21 -1.1102230246252e-15
35 21  2.2204460492503e-15
36 21  4.5552424977778e-01
158 21 -9.0283940914818e-03
160 21 -3.4990171056167e-02
169 21 -9.0283940646076e-03
16 22 -1.3898799282486e-03
17 22 -2.8057874068258e-03
18 22  3.1178102310168e-03
20 22 -9.0283940636096e-03
22 22  3.1865737483796e-02
23 22 -1.5416111646259e-02
34 22 -7.1559905950001e-02
35 22 -4.7706603966667e-02
36 22  7.1559905963333e-02
37 22 -2.1478108231479e-03
38 22 -9.4988649646323e-03
40 22  7.1559905950001e-02
41 22 -7.1560159516668e-02
42 22  4.7689994913334e-02
105 22 -1.7362443202039e-03
106 22  3.4929148459797e-03
157 22 -5.6427462984660e-04
159 22  2.5249360688953e-03
168 22 -4.5463341765011e-04
170 22  2.6835183193209e-03
179 22 -6.4291574858468e-04
16 23  3.1178102310174e-03
17 23 -9.0283940636109e-03
18 23 -1.5809977673768e-03
20 23 -1.9180193495291e-02
22 23 -1.5416111646259e-02
23 23  9.4829896152097e-02
34 23 -2.8623962393333e-01
35 23 -1.9082641595555e-01
36 23 -2.6665780694657e-11
37 23 -8.4758078023510e-03
38 23 -1.6707604543789e-02
40 23  2.8623962393333e-01
41 23  5.6477677777784e-03
42 23  1.9075997976000e-01
105 23  3.2466081459408e-03
106 23 -2.5677798511594e-03
157 23  3.1178102302155e-03
159 23 -9.0283940646088e-03
168 23 -1.5543708175478e-02
170 23 -1.0548107153873e-02
179 23  3.7649738045259e-03
19 24 -1.5809977673768e-03
21 24 -1.9180193495291e-02
24 24  9.4829896152097e-02
34 24  3.1086244689504e-15
35 24  1.3322676295502e-15
36 24  1.1388106200000e-01
39 24 -1.6707604543789e-02
40 24  3.9968028886506e-15
41 24  1.1847340842222e-01
42 24  6.6739111117542e-06
107 24 -2.5677798511594e-03
158 24  3.1178102302155e-03
160 24 -9.0283940646088e-03
169 24 -1.5543708175478e-02
171 24 -1.0548107153873e-02
180 24  3.7649738045259e-03
1 25  4.4408920985006e-16
2 25  4.4408920985006e-16
3 25 -8.8817841970013e-16
4 25 -7.1559905950001e-02
6 25 -2.8623962393333e-01
7 25 -1.7763568394003e-15
25 25  0.0000000000000e+00
43 25  4.4408920985006e-16
44 25 -6.8461040333333e-01
135 25 -7.1559906016666e-02
136 25 -1.7115260050000e-01
1 26  9.5413207933333e-02
2 26  3.8165283191111e-01
3 26 -2.2204460492503e-15
4 26 -4.7706603966667e-02
6 26 -1.9082641595555e-01
7 26 -1.7763568394003e-15
26 26  0.0000000000000e+00
43 26  9.5413208022221e-02
44 26  2.6664581653790e-10
135 26 -4.7706604011111e-02
136 26 -1.7115260063332e-01
1 27  5.5511151231258e-17
3 27  9.1281387111110e-01
4 27  7.1559905963333e-02
6 27 -2.6665780694657e-11
7 27  2.2820346733336e-01
27 27  0.0000000000000e+00
43 27  4.4408920985006e-16
44 27 -4.5640693555555e-01
135 27 -7.1559906003333e-02
136 27 -1.1410173366668e-01
4 28  7.1559905950000e-02
5 28  5.5511151231258e-17
6 28  2.8623962393333e-01
7 28  1.9984014443253e-15
8 28  2.2204460492503e-16
9 28 -2.6645352591004e-15
10 28 -7.1559905950001e-02
12 28 -2.8623962393333e-01
13 28 -1.7763568394003e-15
28 28  0.0000000000000e+00
135 28  7.1559906016665e-02
136 28 -1.3575627933332e-01
138 28 -5.4302511733335e-01
146 28 -7.1559906016666e-02
147 28 -1.3575627933335e-01
4 29 -4.7706603966667e-02
5 29  9.5413207933334e-02
6 29 -1.9082641595556e-01
7 29 -1.1102230246252e-15
8 29  3.8165283191111e-01
9 29 -2.2204460492503e-16
10 29 -4.7706603966667e-02
12 29 -1.9082641595556e-01
13 29 -1.3322676295502e-15
29 29  0.0000000000000e+00
135 29 -4.7706604011111e-02
136 29  1.3575627933332e-01
137 29  9.5413208022221e-02
138 29 -1.8651746813703e-14
146 29 -4.7706604011111e-02
147 29 -1.3575627933334e-01
4 30 -7.1559905963333e-02
5 30 -3.3306690738755e-16
6 30  2.6665752939081e-11
7 30  1.8100837244442e-01
8 30  2.2204460492503e-16
9 30  7.2403348977779e-01
10 30  7.1559905963333e-02
12 30 -2.6665669672354e-11
13 30  1.8100837244448e-01
30 30  0.0000000000000e+00
135 30  7.1559906003332e-02
136 30 -9.0504186222210e-02
137 30  4.4408920985006e-16
138 30 -3.6201674488890e-01
146 30 -7.1559906003333e-02
147 30 -9.0504186222233e-02
10 31  7.1559905950000e-02
12 31  2.8623962393333e-01
13 31 -2.2204460492503e-16
15 31 -1.7763568394003e-15
16 31 -7.1559905950001e-02
18 31 -2.8623962393333e-01
31 31  0.0000000000000e+00
146 31  7.1559906016666e-02
147 31 -1.0768032299999e-01
148 31 -4.4408920985006e-16
149 31 -4.3072129199998e-01
157 31 -7.1559906016666e-02
158 31 -1.0768032300000e-01
10 32 -4.7706603966667e-02
11 32  9.5413207933333e-02
12 32 -1.9082641595555e-01
13 32 -2.2204460492503e-16
14 32  3.8165283191111e-01
15 32 -1.1102230246252e-15
16 32 -4.7706603966667e-02
18 32 -1.9082641595555e-01
19 32 -4.4408920985006e-16
32 32  0.0000000000000e+00
146 32 -4.7706604011111e-02
147 32  1.0768032300000e-01
148 32  9.5413208022221e-02
149 32 -1.9317880628478e-14
157 32 -4.7706604011111e-02
158 32 -1.0768032299999e-01
10 33 -7.1559905963333e-02
11 33 -5.8286708792821e-16
12 33  2.6666030494837e-11
13 33  1.4357376399998e-01
14 33 -4.4408920985006e-16
15 33  5.7429505599998e-01
16 33  7.1559905963333e-02
18 33 -2.6665558650052e-11
19 33  1.4357376400001e-01
33 33  0.0000000000000e+00
146 33  7.1559906003333e-02
147 33 -7.1786881999995e-02
148 33 -4.4408920985006e-16
149 33 -2.8714752799999e-01
157 33 -7.1559906003333e-02
158 33 -7.1786882000000e-02
16 34  7.1559905950001e-02
18 34  2.8623962393333e-01
19 34  1.1102230246252e-16
20 34  2.2204460492503e-16
21 34 -1.1102230246252e-15
22 34 -7.1559905950001e-02
23 34 -2.8623962393333e-01
24 34  3.1086244689504e-15
34 34  0.0000000000000e+00
157 34  7.1559906016666e-02
158 34 -8.5410797166674e-02
159 34  8.8817841970013e-16
160 34 -3.4164318733334e-01
168 34 -7.1559906016666e-02
169 34 -8.5410796499996e-02
16 35 -4.7706603966667e-02
17 35  9.5413207933333e-02
18 35 -1.9082641595555e-01
19 35 -7.2164496600635e-16
20 35  3.8165283191111e-01
21 35  2.2204460492503e-15
22 35 -4.7706603966667e-02
23 35 -1.9082641595555e-01
24 35  1.3322676295502e-15
35 35  0.0000000000000e+00
157 35 -4.7706604011111e-02
158 35  8.5410797033341e-02
159 35  9.5413208022221e-02
160 35  2.6666013841492e-10
168 35 -4.7706604011111e-02
169 35 -8.5410796633329e-02
16 36 -7.1559905963333e-02
17 36  5.2735593669695e-16
18 36  2.6665725183506e-11
19 36  1.1388106288889e-01
20 36  2.2204460492503e-16
21 36  4.5552424977778e-01
22 36  7.1559905963333e-02
23 36 -2.6665780694657e-11
24 36  1.1388106200000e-01
36 36  0.0000000000000e+00
157 36  7.1559906003333e-02
158 36 -5.6940531444449e-02
159 36  4.4408920985006e-16
160 36 -2.2776212488889e-01
168 36 -7.1559906003333e-02
169 36 -5.6940530999998e-02
22 37 -2.1478108231479e-03
23 37 -8.4758078023510e-03
37 37  5.4559217250420e-02
38 37 -4.0297954949938e-02
40 37  4.4408920985006e-16
41 37 -1.0141955557597e-06
42 37 -8.9569174182223e-02
105 37 -1.0106410529769e-03
106 37 -1.0023099357831e-02
168 37  2.1706171102823e-03
170 37  2.5716129206939e-03
179 37  2.6538667048492e-03
22 38 -9.4988649646323e-03
23 38 -1.6707604543789e-02
37 38 -4.0297954949938e-02
38 38  1.4816822478017e-01
40 38 -2.2204460492503e-16
41 38  2.3919795057778e-02
42 38 -3.5825641285333e-01
105 38 -9.0752416390268e-03
106 38 -1.3338621725372e-02
168 38 -7.4627702898060e-03
170 38 -4.0766092209372e-02
179 38 -1.1021074458240e-02
24 39 -1.6707604543789e-02
39 39  1.4816822478017e-01
40 39 -4.8849813083507e-15
41 39  4.7376015475555e-01
42 39  1.9707037333252e-03
107 39 -1.3338621725372e-02
169 39 -7.4627702898060e-03
171 39 -4.0766092209372e-02
180 39 -1.1021074458240e-02
22 40  7.1559905950001e-02
23 40  2.8623962393333e-01
24 40  3.9968028886506e-15
37 40  4.4408920985006e-16
38 40 -2.2204460492503e-16
39 40 -4.8849813083507e-15
40 40  0.0000000000000e+00
105 40 -6.2594546683333e-02
106 40 -2.5034776100000e-01
107 40  2.8759686666777e-03
168 40  6.3085211749999e-02
169 40 -8.9372004833326e-02
170 40 -3.5891862933333e-02
171 40 -3.5728780200000e-01
179 40 -7.2050571016665e-02
180 40 -8.7890777000004e-02
22 41 -7.1560159516668e-02
23 41  5.6477677777784e-03
24 41  1.1847340842222e-01
37 41 -1.0141955557597e-06
38 41  2.3919795057778e-02
39 41  4.7376015475555e-01
41 41  0.0000000000000e+00
105 41  6.2591250565556e-02
106 41  6.3182149244446e-03
107 41  1.1893637055556e-01
168 41  6.5909856272222e-02
169 41 -5.9603407433329e-02
170 41 -2.3928922817778e-02
171 41 -2.3828015160000e-01
179 41 -6.8896788067777e-02
180 41 -5.8420400000003e-02
22 42  4.7689994913334e-02
23 42  1.9075997976000e-01
24 42  6.6739111117542e-06
37 42 -8.9569174182223e-02
38 42 -3.5825641285333e-01
39 42  1.9707037333252e-03
42 42  0.0000000000000e+00
105 42  4.1713088735555e-02
106 42  1.6683207113778e-01
107 42 -1.9106385333429e-03
168 42  3.9015992113333e-02
169 42 -8.9350314644444e-02
170 42 -8.9160415071111e-02
171 42  8.9405028889766e-04
179 42  5.0974875446666e-02
180 42  8.8372840244444e-02
1 43  8.7717017635874e-03
2 43 -8.1323103783871e-02
4 43  2.2578678955064e-03
6 43 -1.2488198308655e-02
25 43  4.4408920985006e-16
26 43  9.5413208022221e-02
27 43  4.4408920985006e-16
43 43  1.5752926470177e-01
45 43 -7.3035986922915e-02
47 43 -8.8817841970013e-16
48 43  1.0519306177778e-01
49 43  4.4408920985006e-16
50 43  7.5929593167958e-03
135 43  9.9237405084282e-03
139 43 -1.1690396762864e-02
190 43  2.2295691203907e-03
3 44 -8.1323103783871e-02
7 44 -1.2488198308655e-02
25 44 -6.8461040333333e-01
26 44  2.6664581653790e-10
27 44 -4.5640693555555e-01
44 44  1.5752926470177e-01
46 44 -7.3035986922915e-02
47 44  6.8461040333333e-01
48 44 -2.6664626062711e-10
49 44 -4.5640693555555e-01
51 44  7.5929593167958e-03
136 44  9.9237405084282e-03
140 44 -1.1690396762864e-02
191 44  2.2295691203907e-03
43 45 -7.3035986922915e-02
45 45  1.8704634847432e-01
47 45 -1.7763568394003e-15
48 45  4.2077224711111e-01
49 45 -2.2204460492503e-16
50 45 -7.3035986922915e-02
135 45 -1.1690396762863e-02
139 45  2.8936061915281e-03
190 45 -1.1690396762863e-02
44 46 -7.3035986922915e-02
46 46  1.8704634847432e-01
47 46 -3.1086244689504e-15
48 46 -1.7763568394003e-15
49 46  9.1281387111110e-01
51 46 -7.3035986922915e-02
136 46 -1.1690396762863e-02
140 46  2.8936061915281e-03
191 46 -1.1690396762863e-02
43 47 -8.8817841970013e-16
44 47  6.8461040333333e-01
45 47 -1.7763568394003e-15
46 47 -3.1086244689504e-15
47 47  0.0000000000000e+00
50 47 -4.4408920985006e-16
51 47 -6.8461040333333e-01
135 47 -7.8894796333333e-02
136 47  1.7115260050000e-01
139 47 -3.1557918533333e-01
190 47 -7.8894796333333e-02
191 47 -1.7115260050000e-01
43 48  1.0519306177778e-01
44 48 -2.6664626062711e-10
45 48  4.2077224711111e-01
46 48 -1.7763568394003e-15
48 48  0.0000000000000e+00
50 48  1.0519306177777e-01
51 48  2.6664581653790e-10
135 48 -5.2596530888889e-02
136 48  1.7115260063332e-01
139 48 -2.1038612355555e-01
190 48 -5.2596530888887e-02
191 48 -1.7115260063332e-01
43 49  4.4408920985006e-16
44 49 -4.5640693555555e-01
45 49 -2.2204460492503e-16
46 49  9.1281387111110e-01
49 49  0.0000000000000e+00
50 49 -4.4408920985006e-16
51 49 -4.5640693555555e-01
135 49  7.8894796333332e-02
136 49 -1.1410173366668e-01
139 49  1.9984014443253e-15
140 49  2.2820346733336e-01
190 49 -7.8894796333333e-02
191 49 -1.1410173366668e-01
43 50  7.5929593167958e-03
45 50 -7.3035986922915e-02
47 50 -4.4408920985006e-16
48 50  1.0519306177777e-01
49 50 -4.4408920985006e-16
50 50  1.4593847430328e-01
52 50 -6.5444864823711e-02
54 50 -6.1062266354384e-16
55 50  1.1597535073334e-01
56 50 -1.6653345369377e-16
57 50  6.4865738026568e-03
135 50  2.2295691203908e-03
139 50 -1.1690396762864e-02
190 50  7.4737314106794e-03
192 50 -1.1003998592879e-02
201 50  2.2225169761359e-03
44 51  7.5929593167958e-03
46 51 -7.3035986922915e-02
47 51 -6.8461040333333e-01
48 51  2.6664581653790e-10
49 51 -4.5640693555555e-01
51 51  1.4593847430328e-01
53 51 -6.5444864823711e-02
54 51  6.8461040333332e-01
55 51 -2.6664570551560e-10
56 51 -4.5640693555555e-01
58 51  6.4865738026568e-03
136 51  2.2295691203908e-03
140 51 -1.1690396762864e-02
191 51  7.4737314106794e-03
193 51 -1.1003998592879e-02
202 51  2.2225169761359e-03
50 52 -6.5444864823711e-02
52 52  1.7606397773634e-01
54 52 -1.3322676295502e-15
55 52  4.6390140275556e-01
56 52 -4.4408920985006e-16
57 52 -6.5444864853985e-02
190 52 -1.1003998592879e-02
192 52 -5.7912686393874e-04
201 52 -1.1003998594499e-02
51 53 -6.5444864823711e-02
53 53  1.7606397773634e-01
54 53 -3.1086244689504e-15
55 53 -2.6645352591004e-15
56 53  9.1281387111109e-01
58 53 -6.5444864853985e-02
191 53 -1.1003998592879e-02
193 53 -5.7912686393874e-04
202 53 -1.1003998594499e-02
50 54 -6.1062266354384e-16
51 54  6.8461040333332e-01
52 54 -1.3322676295502e-15
53 54 -3.1086244689504e-15
54 54  0.0000000000000e+00
57 54  8.8817841970013e-16
58 54 -6.8461040333333e-01
190 54 -8.6981513050001e-02
191 54  1.7115260050000e-01
192 54 -3.4792605206666e-01
193 54 -8.8817841970013e-16
201 54 -8.6981512983333e-02
202 54 -1.7115260050000e-01
50 55  1.1597535073334e-01
51 55 -2.6664570551560e-10
52 55  4.6390140275556e-01
53 55 -2.6645352591004e-15
55 55  0.0000000000000e+00
57 55  1.1597535064444e-01
58 55  2.6664492835948e-10
190 55 -5.7987675366668e-02
191 55  1.7115260063332e-01
192 55 -2.3195070137778e-01
201 55 -5.7987675322222e-02
202 55 -1.7115260063332e-01
50 56 -1.6653345369377e-16
51 56 -4.5640693555555e-01
52 56 -4.4408920985006e-16
53 56  9.1281387111109e-01
56 56  0.0000000000000e+00
57 56  8.8817841970013e-16
58 56 -4.5640693555555e-01
190 56  8.6981513036666e-02
191 56 -1.1410173366668e-01
192 56  2.6669555452941e-11
193 56  2.2820346733336e-01
201 56 -8.6981512996668e-02
202 56 -1.1410173366668e-01
50 57  6.4865738026568e-03
52 57 -6.5444864853985e-02
54 57  8.8817841970013e-16
55 57  1.1597535064444e-01
56 57  8.8817841970013e-16
57 57  1.3573840150867e-01
59 57 -5.8477398311702e-02
61 57 -1.2767564783189e-15
62 57  1.2786282399999e-01
63 57  1.1102230246252e-15
64 57  5.4420019727525e-03
190 57  2.2225169761359e-03
192 57 -1.1003998594500e-02
201 57  5.0949430911809e-03
203 57 -1.0422462802956e-02
212 57  2.2366442593841e-03
51 58  6.4865738026568e-03
53 58 -6.5444864853985e-02
54 58 -6.8461040333333e-01
55 58  2.6664492835948e-10
56 58 -4.5640693555555e-01
58 58  1.3573840150867e-01
60 58 -5.8477398311702e-02
61 58  6.8461040333332e-01
62 58 -2.6664648267172e-10
63 58 -4.5640693555555e-01
65 58  5.4420019727525e-03
191 58  2.2225169761359e-03
193 58 -1.1003998594500e-02
202 58  5.0949430911809e-03
204 58 -1.0422462802956e-02
213 58  2.2366442593841e-03
57 59 -5.8477398311702e-02
59 59  1.6675940505566e-01
61 59  6.6613381477509e-16
62 59  5.1145129600000e-01
63 59 -2.2204460492503e-16
64 59 -5.8477398311697e-02
201 59 -1.0422462802956e-02
203 59 -4.0573786344697e-03
212 59 -1.0422462802956e-02
58 60 -5.8477398311702e-02
60 60  1.6675940505566e-01
61 60 -3.9968028886506e-15
62 60 -1.7763568394003e-15
63 60  9.1281387111110e-01
65 60 -5.8477398311697e-02
202 60 -1.0422462802956e-02
204 60 -4.0573786344697e-03
213 60 -1.0422462802956e-02
57 61 -1.2767564783189e-15
58 61  6.8461040333332e-01
59 61  6.6613381477509e-16
60 61 -3.9968028886506e-15
61 61  0.0000000000000e+00
64 61 -1.3322676295502e-15
65 61 -6.8461040333333e-01
201 61 -9.5897117999999e-02
202 61  1.7115260050000e-01
203 61 -3.8358847199999e-01
212 61 -9.5897118000003e-02
213 61 -1.7115260050000e-01
57 62  1.2786282399999e-01
58 62 -2.6664648267172e-10
59 62  5.1145129600000e-01
60 62 -1.7763568394003e-15
62 62  0.0000000000000e+00
64 62  1.2786282400000e-01
65 62  2.6664581653790e-10
201 62 -6.3931411999999e-02
202 62  1.7115260063332e-01
203 62 -2.5572564800000e-01
212 62 -6.3931412000000e-02
213 62 -1.7115260063332e-01
57 63  1.1102230246252e-15
58 63 -4.5640693555555e-01
59 63 -2.2204460492503e-16
60 63  9.1281387111110e-01
63 63  0.0000000000000e+00
64 63 -1.3322676295502e-15
65 63 -4.5640693555555e-01
201 63  9.5897117999997e-02
202 63 -1.1410173366668e-01
203 63 -1.1102230246252e-15
204 63  2.2820346733336e-01
212 63 -9.5897118000003e-02
213 63 -1.1410173366668e-01
57 64  5.4420019727525e-03
59 64 -5.8477398311697e-02
61 64 -1.3322676295502e-15
62 64  1.2786282400000e-01
63 64 -1.3322676295502e-15
64 64  1.3893300274798e-01
66 64 -6.9944195051287e-02
68 64 -1.3322676295502e-15
69 64  1.0934672066667e-01
70 64  1.2212453270877e-15
71 64  7.1458134969257e-03
201 64  2.2366442593842e-03
203 64 -1.0422462802956e-02
212 64  5.8170128832549e-03
214 64 -1.1405042552074e-02
223 64  2.2242357738113e-03
58 65  5.4420019727525e-03
60 65 -5.8477398311697e-02
61 65 -6.8461040333333e-01
62 65  2.6664581653790e-10
63 65 -4.5640693555555e-01
65 65  1.3893300274798e-01
67 65 -6.9944195051287e-02
68 65  6.8461040333333e-01
69 65 -2.6664692676093e-10
70 65 -4.5640693555555e-01
72 65  7.1458134969257e-03
202 65  2.2366442593842e-03
204 65 -1.0422462802956e-02
213 65  5.8170128832549e-03
215 65 -1.1405042552074e-02
224 65  2.2242357738113e-03
64 66 -6.9944195051287e-02
66 66  1.8248068125212e-01
68 66  4.4408920985006e-16
69 66  4.3738688088889e-01
70 66  4.4408920985006e-16
71 66 -6.9944195387515e-02
212 66 -1.1405042552074e-02
214 66  1.5139396971373e-03
223 66 -1.1405042572462e-02
65 67 -6.9944195051287e-02
67 67  1.8248068125212e-01
68 67 -4.4408920985006e-16
69 67 -1.7763568394003e-15
70 67  9.1281387111109e-01
72 67 -6.9944195387515e-02
213 67 -1.1405042552074e-02
215 67  1.5139396971373e-03
224 67 -1.1405042572462e-02
64 68 -1.3322676295502e-15
65 68  6.8461040333333e-01
66 68  4.4408920985006e-16
67 68 -4.4408920985006e-16
68 68  0.0000000000000e+00
71 68 -2.6645352591004e-15
72 68 -6.8461040333333e-01
212 68 -8.2010040500006e-02
213 68  1.7115260050000e-01
214 68 -3.2804016066666e-01
215 68 -8.8817841970013e-16
223 68 -8.2010039833333e-02
224 68 -1.7115260050000e-01
64 69  1.0934672066667e-01
65 69 -2.6664692676093e-10
66 69  4.3738688088889e-01
67 69 -1.7763568394003e-15
69 69  0.0000000000000e+00
71 69  1.0934671977777e-01
72 69  2.6664626062711e-10
212 69 -5.4673360333338e-02
213 69  1.7115260063332e-01
214 69 -2.1869344044444e-01
215 69 -8.8817841970013e-16
223 69 -5.4673359888887e-02
224 69 -1.7115260063332e-01
64 70  1.2212453270877e-15
65 70 -4.5640693555555e-01
66 70  4.4408920985006e-16
67 70  9.1281387111109e-01
70 70  0.0000000000000e+00
71 70 -2.6645352591004e-15
72 70 -4.5640693555555e-01
212 70  8.2010040366666e-02
213 70 -1.1410173366668e-01
214 70  2.6667501540345e-10
215 70  2.2820346733336e-01
223 70 -8.2010039966669e-02
224 70 -1.1410173366668e-01
64 71  7.1458134969257e-03
66 71 -6.9944195387515e-02
68 71 -2.6645352591004e-15
69 71  1.0934671977777e-01
70 71 -2.6645352591004e-15
71 71  1.3275174501602e-01
73 71 -4.8733749676753e-02
75 71  7.7715611723761e-16
76 71  1.4879792355556e-01
77 71 -7.2164496600635e-16
78 71  3.9182500793908e-03
212 71  2.2242357738113e-03
214 71 -1.1405042572462e-02
223 71  4.0250363203495e-03
225 71 -9.7141664161468e-03
234 71  2.3010051181784e-03
65 72  7.1458134969257e-03
67 72 -6.9944195387515e-02
68 72 -6.8461040333333e-01
69 72  2.6664626062711e-10
70 72 -4.5640693555555e-01
72 72  1.3275174501602e-01
74 72 -4.8733749676753e-02
75 72  6.8461040333332e-01
76 72 -2.6664653818287e-10
77 72 -4.5640693555555e-01
79 72  3.9182500793908e-03
213 72  2.2242357738113e-03
215 72 -1.1405042572462e-02
224 72  4.0250363203495e-03
226 72 -9.7141664161468e-03
235 72  2.3010051181784e-03
71 73 -4.8733749676753e-02
73 73  1.5542666282558e-01
75 73 -8.8817841970013e-16
76 73  5.9519169422222e-01
77 73 -1.1102230246252e-15
78 73 -4.8733749676750e-02
223 73 -9.7141664161468e-03
225 73 -9.5512489319688e-03
234 73 -9.7141664161466e-03
72 74 -4.8733749676753e-02
74 74  1.5542666282558e-01
75 74 -2.6645352591004e-15
76 74 -2.2204460492503e-15
77 74  9.1281387111110e-01
79 74 -4.8733749676750e-02
224 74 -9.7141664161468e-03
226 74 -9.5512489319688e-03
235 74 -9.7141664161466e-03
71 75  7.7715611723761e-16
72 75  6.8461040333332e-01
73 75 -8.8817841970013e-16
74 75 -2.6645352591004e-15
75 75  0.0000000000000e+00
78 75 -2.6645352591004e-15
79 75 -6.8461040333332e-01
223 75 -1.1159844266667e-01
224 75  1.7115260050000e-01
225 75 -4.4639377066666e-01
226 75 -1.7763568394003e-15
234 75 -1.1159844266666e-01
235 75 -1.7115260050000e-01
71 76  1.4879792355556e-01
72 76 -2.6664653818287e-10
73 76  5.9519169422222e-01
74 76 -2.2204460492503e-15
76 76  0.0000000000000e+00
78 76  1.4879792355555e-01
79 76  2.6664537244869e-10
223 76 -7.4398961777783e-02
224 76  1.7115260063332e-01
225 76 -2.9759584711111e-01
226 76 -8.8817841970013e-16
234 76 -7.4398961777771e-02
235 76 -1.7115260063332e-01
71 77 -7.2164496600635e-16
72 77 -4.5640693555555e-01
73 77 -1.1102230246252e-15
74 77  9.1281387111110e-01
77 77  0.0000000000000e+00
78 77 -8.8817841970013e-16
79 77 -4.5640693555555e-01
223 77  1.1159844266666e-01
224 77 -1.1410173366668e-01
225 77  9.7699626167014e-15
226 77  2.2820346733336e-01
234 77 -1.1159844266667e-01
235 77 -1.1410173366668e-01
71 78  3.9182500793908e-03
73 78 -4.8733749676750e-02
75 78 -2.6645352591004e-15
76 78  1.4879792355555e-01
77 78 -8.8817841970013e-16
78 78  1.1014239781444e-01
80 78 -3.2185040543821e-02
82 78  1.5543122344752e-15
83 78  2.0248272622223e-01
84 78 -1.6098233857065e-15
85 78  1.0654956932097e-03
223 78  2.3010051181783e-03
225 78 -9.7141664161470e-03
234 78 -3.3358769899017e-03
236 78 -8.9525206866759e-03
245 78  2.5978822746586e-03
72 79  3.9182500793908e-03
74 79 -4.8733749676750e-02
75 79 -6.8461040333332e-01
76 79  2.6664537244869e-10
77 79 -4.5640693555555e-01
79 79  1.1014239781444e-01
81 79 -3.2185040543821e-02
82 79  6.8461040333332e-01
83 79 -2.6664603858251e-10
84 79 -4.5640693555555e-01
86 79  1.0654956932097e-03
224 79  2.3010051181783e-03
226 79 -9.7141664161470e-03
235 79 -3.3358769899017e-03
237 79 -8.9525206866759e-03
246 79  2.5978822746586e-03
78 80 -3.2185040543821e-02
80 80  1.4324033108145e-01
82 80  3.9968028886506e-15
83 80  8.0993090488888e-01
84 80 -4.4408920985006e-16
85 80 -3.2185040543821e-02
234 80 -8.9525206866759e-03
236 80 -2.1530083661955e-02
245 80 -8.9525206866754e-03
79 81 -3.2185040543821e-02
81 81  1.4324033108145e-01
82 81 -4.8849813083507e-15
83 81 -3.1086244689504e-15
84 81  9.1281387111109e-01
86 81 -3.2185040543821e-02
235 81 -8.9525206866759e-03
237 81 -2.1530083661955e-02
246 81 -8.9525206866754e-03
78 82  1.5543122344752e-15
79 82  6.8461040333332e-01
80 82  3.9968028886506e-15
81 82 -4.8849813083507e-15
82 82  0.0000000000000e+00
85 82  8.8817841970013e-16
86 82 -6.8461040333332e-01
234 82 -1.5186204466667e-01
235 82  1.7115260050000e-01
236 82 -6.0744817866666e-01
237 82 -8.8817841970013e-16
245 82 -1.5186204466666e-01
246 82 -1.7115260050000e-01
78 83  2.0248272622223e-01
79 83 -2.6664603858251e-10
80 83  8.0993090488888e-01
81 83 -3.1086244689504e-15
83 83  0.0000000000000e+00
85 83  2.0248272622222e-01
86 83  2.6664626062711e-10
234 83 -1.0124136311112e-01
235 83  1.7115260063332e-01
236 83 -4.0496545244444e-01
237 83 -8.8817841970013e-16
245 83 -1.0124136311111e-01
246 83 -1.7115260063332e-01
78 84 -1.6098233857065e-15
79 84 -4.5640693555555e-01
80 84 -4.4408920985006e-16
81 84  9.1281387111109e-01
84 84  0.0000000000000e+00
85 84  4.4408920985006e-16
86 84 -4.5640693555555e-01
234 84  1.5186204466667e-01
235 84 -1.1410173366668e-01
236 84  1.0436096431476e-14
237 84  2.2820346733336e-01
245 84 -1.5186204466667e-01
246 84 -1.1410173366668e-01
78 85  1.0654956932097e-03
80 85 -3.2185040543821e-02
82 85  8.8817841970013e-16
83 85  2.0248272622222e-01
84 85  4.4408920985006e-16
85 85  9.8068969247099e-02
87 85 -1.8715063652712e-02
89 85 -8.8817841970013e-16
90 85  2.7553646955556e-01
91 85  1.8873791418628e-15
92 85 -1.6853363205087e-03
234 85  2.5978822746585e-03
236 85 -8.9525206866760e-03
245 85 -1.1015891083273e-02
247 85 -9.0472484358502e-03
256 85  3.1432656968453e-03
79 86  1.0654956932097e-03
81 86 -3.2185040543821e-02
82 86 -6.8461040333332e-01
83 86  2.6664626062711e-10
84 86 -4.5640693555555e-01
86 86  9.8068969247099e-02
88 86 -1.8715063652712e-02
89 86  6.8461040333332e-01
90 86 -2.6664653818287e-10
91 86 -4.5640693555555e-01
93 86 -1.6853363205087e-03
235 86  2.5978822746585e-03
237 86 -8.9525206866760e-03
246 86 -1.1015891083273e-02
248 86 -9.0472484358502e-03
257 86  3.1432656968453e-03
85 87 -1.8715063652712e-02
87 87  1.4475597491369e-01
89 87 -2.6645352591004e-15
90 87  1.1021458764444e+00
91 87  1.7763568394003e-15
92 87 -1.8715063734835e-02
245 87 -9.0472484358495e-03
247 87 -3.5568426955005e-02
256 87 -9.0472484244755e-03
86 88 -1.8715063652712e-02
88 88  1.4475597491369e-01
89 88  1.3322676295502e-15
90 88 -8.8817841970013e-16
91 88  9.1281387111110e-01
93 88 -1.8715063734835e-02
246 88 -9.0472484358495e-03
248 88 -3.5568426955005e-02
257 88 -9.0472484244755e-03
85 89 -8.8817841970013e-16
86 89  6.8461040333332e-01
87 89 -2.6645352591004e-15
88 89  1.3322676295502e-15
89 89  0.0000000000000e+00
92 89 -7.1054273576010e-15
93 89 -6.8461040333333e-01
245 89 -2.0665235216666e-01
246 89  1.7115260050000e-01
247 89 -8.2660940733334e-01
248 89 -8.8817841970013e-16
256 89 -2.0665235150000e-01
257 89 -1.7115260050000e-01
85 90  2.7553646955556e-01
86 90 -2.6664653818287e-10
87 90  1.1021458764444e+00
88 90 -8.8817841970013e-16
90 90  0.0000000000000e+00
92 90  2.7553646866666e-01
93 90  2.6664537244869e-10
245 90 -1.3776823477778e-01
246 90  1.7115260063332e-01
247 90 -5.5107293822222e-01
256 90 -1.3776823433333e-01
257 90 -1.7115260063332e-01
85 91  1.8873791418628e-15
86 91 -4.5640693555555e-01
87 91  1.7763568394003e-15
88 91  9.1281387111110e-01
91 91  0.0000000000000e+00
92 91 -5.3290705182007e-15
93 91 -4.5640693555555e-01
245 91  2.0665235203333e-01
246 91 -1.1410173366668e-01
247 91  2.6667246189049e-10
248 91  2.2820346733336e-01
256 91 -2.0665235163334e-01
257 91 -1.1410173366668e-01
85 92 -1.6853363205087e-03
87 92 -1.8715063734835e-02
89 92 -7.1054273576010e-15
90 92  2.7553646866666e-01
91 92 -5.3290705182007e-15
92 92  9.5376548191633e-02
94 92 -7.0353182971266e-03
96 92 -1.5543122344752e-15
97 92  3.7494727200002e-01
245 92  3.1432656968451e-03
247 92 -9.0472484244752e-03
256 92 -1.9749654952679e-02
258 92 -1.0007411047256e-02
86 93 -1.6853363205087e-03
88 93 -1.8715063734835e-02
89 93 -6.8461040333333e-01
90 93  2.6664537244869e-10
91 93 -4.5640693555555e-01
93 93  9.5376548191633e-02
95 93 -7.0353182971266e-03
96 93  6.8461040333333e-01
97 93 -2.6664664920517e-10
98 93 -4.5640693555555e-01
246 93  3.1432656968451e-03
248 93 -9.0472484244752e-03
257 93 -1.9749654952679e-02
259 93 -1.0007411047256e-02
92 94 -7.0353182971266e-03
94 94  1.6011857672659e-01
96 94 -8.8817841970013e-16
97 94  1.4997890880000e+00
98 94 -2.6645352591004e-15
256 94 -1.0007411047254e-02
258 94 -5.3009148042772e-02
93 95 -7.0353182971266e-03
95 95  1.6011857672659e-01
96 95 -4.8849813083507e-15
97 95 -2.2204460492503e-15
98 95  9.1281387111109e-01
257 95 -1.0007411047254e-02
259 95 -5.3009148042772e-02
92 96 -1.5543122344752e-15
93 96  6.8461040333333e-01
94 96 -8.8817841970013e-16
95 96 -4.8849813083507e-15
96 96  0.0000000000000e+00
256 96 -2.8121045400000e-01
257 96  1.7115260050000e-01
258 96 -1.1248418160000e+00
259 96 -1.7763568394003e-15
92 97  3.7494727200002e-01
93 97 -2.6664664920517e-10
94 97  1.4997890880000e+00
95 97 -2.2204460492503e-15
97 97  0.0000000000000e+00
256 97 -1.8747363600001e-01
257 97  1.7115260063332e-01
258 97 -7.4989454399998e-01
259 97 -1.7763568394003e-15
93 98 -4.5640693555555e-01
94 98 -2.6645352591004e-15
95 98  9.1281387111109e-01
98 98  0.0000000000000e+00
256 98  2.8121045399999e-01
257 98 -1.1410173366668e-01
258 98  3.9968028886506e-14
259 98  2.2820346733336e-01
99 99  5.4166954831894e-02
100 99 -3.9533655650581e-02
102 99  4.4408920985006e-16
103 99 -3.6441511112040e-06
104 99 -7.7906827595556e-02
105 99 -2.3669638500433e-03
106 99 -8.5120206289255e-03
114 99 -1.1340656667930e-03
115 99 -9.9060516495305e-03
179 99  2.2233279013058e-03
181 99  2.4469116390120e-03
267 99  2.6155630736605e-03
99 100 -3.9533655650581e-02
100 100  1.4756042533773e-01
102 100  4.4408920985006e-16
103 100  2.2643334080000e-02
104 100 -3.1151385985778e-01
105 100 -9.3676105606792e-03
106 100 -1.7393184136224e-02
114 100 -9.1640853179414e-03
115 100 -1.3726393366613e-02
179 100 -7.6230530815358e-03
181 100 -4.0040832526770e-02
267 100 -1.0711610697391e-02
101 101  1.4756042533773e-01
102 101 -2.2204460492503e-16
103 101  4.0621537306666e-01
104 101  5.7248557333358e-03
107 101 -1.7393184136224e-02
116 101 -1.3726393366613e-02
180 101 -7.6230530815358e-03
182 101 -4.0040832526770e-02
268 101 -1.0711610697391e-02
99 102  4.4408920985006e-16
100 102  4.4408920985006e-16
101 102 -2.2204460492503e-16
102 102  0.0000000000000e+00
105 102  6.2594546683334e-02
106 102  2.5034776100000e-01
107 102 -2.8759686666810e-03
114 102 -5.4119695083334e-02
115 102 -2.1633903006667e-01
116 102  5.6465346666630e-03
179 102  5.4442150283333e-02
180 102 -7.8068601499997e-02
181 102 -3.4008730933334e-02
182 102 -3.0658797733332e-01
267 102 -6.2917001883334e-02
268 102 -7.3856289999999e-02
99 103 -3.6441511112040e-06
100 103  2.2643334080000e-02
101 103  4.0621537306666e-01
103 103  0.0000000000000e+00
105 103 -6.2592415143333e-02
106 103  5.4114156088887e-03
107 103  1.0105113371110e-01
114 103  5.4104809014444e-02
115 103  5.9321163377778e-03
116 103  1.0259771735557e-01
179 103  5.7156676334444e-02
180 103 -5.2263805133330e-02
181 103 -2.2676131440000e-02
182 103 -2.0448217897777e-01
267 103 -5.9976160641111e-02
268 103 -4.8878769455558e-02
99 104 -7.7906827595556e-02
100 104 -3.1151385985778e-01
101 104  5.7248557333358e-03
104 104  0.0000000000000e+00
105 104  4.1717531153334e-02
106 104  1.6684984077333e-01
107 104 -1.9119140888975e-03
114 104  3.6067630086666e-02
115 104  1.4417735348444e-01
116 104 -3.7589580888860e-03
179 104  3.3424206020000e-02
180 104 -7.7590683633331e-02
181 104 -7.7558102973334e-02
182 104  2.7326301555667e-03
267 104  4.4742228908889e-02
268 104  7.4790573588887e-02
22 105 -1.7362443202039e-03
23 105  3.2466081459408e-03
37 105 -1.0106410529769e-03
38 105 -9.0752416390268e-03
40 105 -6.2594546683333e-02
41 105  6.2591250565556e-02
42 105  4.1713088735555e-02
99 105 -2.3669638500433e-03
100 105 -9.3676105606792e-03
102 105  6.2594546683334e-02
103 105 -6.2592415143333e-02
104 105  4.1717531153334e-02
105 105  3.2323389675277e-02
106 105 -1.7432773306123e-02
114 105 -1.6874214772932e-03
115 105  3.4351155789437e-03
168 105 -5.1890394580746e-04
170 105  2.1737522627585e-03
179 105 -1.3791582164455e-05
181 105  2.6607420367431e-03
267 105 -6.3001596534454e-04
22 106  3.4929148459797e-03
23 106 -2.5677798511594e-03
37 106 -1.0023099357831e-02
38 106 -1.3338621725372e-02
40 106 -2.5034776100000e-01
41 106  6.3182149244446e-03
42 106  1.6683207113778e-01
99 106 -8.5120206289255e-03
100 106 -1.7393184136224e-02
102 106  2.5034776100000e-01
103 106  5.4114156088887e-03
104 106  1.6684984077333e-01
105 106 -1.7432773306123e-02
106 106  9.4391710741761e-02
114 106  3.2356759329742e-03
115 106 -2.4375988937920e-03
168 106  3.0178007858196e-03
170 106 -8.1221271418729e-03
179 106 -1.7704334157240e-02
181 106 -1.0273537125705e-02
267 106  3.6669740177090e-03
24 107 -2.5677798511594e-03
39 107 -1.3338621725372e-02
40 107  2.8759686666777e-03
41 107  1.1893637055556e-01
42 107 -1.9106385333429e-03
101 107 -1.7393184136224e-02
102 107 -2.8759686666810e-03
103 107  1.0105113371110e-01
104 107 -1.9119140888975e-03
107 107  9.4391710741761e-02
116 107 -2.4375988937920e-03
169 107  3.0178007858196e-03
171 107 -8.1221271418729e-03
180 107 -1.7704334157240e-02
182 107 -1.0273537125705e-02
268 107  3.6669740177090e-03
108 108  5.4081606141150e-02
109 108 -3.9370662131671e-02
111 108  2.7755575615629e-17
112 108 -7.2333377777456e-06
113 108 -6.7011209415556e-02
114 108 -2.4500389588118e-03
115 108 -8.6128581835607e-03
123 108 -1.1251498129795e-03
124 108 -9.7763387077045e-03
267 108  2.2864335740764e-03
269 108  2.4240172338670e-03
278 108  2.5429908456339e-03
108 109 -3.9370662131671e-02
109 109  1.4737212454826e-01
111 109 -1.4432899320127e-15
112 109  2.0965616986666e-02
113 109 -2.6771383743111e-01
114 109 -9.2193342407040e-03
115 109 -1.7628484826608e-02
123 109 -9.3292749919573e-03
124 109 -1.3684990822029e-02
267 109 -7.9471368613866e-03
269 109 -3.9909941764727e-02
278 109 -1.0282298909172e-02
110 110  1.4737212454826e-01
111 110 -1.1102230246252e-15
112 110  3.4828944435555e-01
113 110  9.2957821333306e-03
116 110 -1.7628484826608e-02
125 110 -1.3684990822029e-02
268 110 -7.9471368613866e-03
270 110 -3.9909941764727e-02
279 110 -1.0282298909172e-02
108 111  2.7755575615629e-17
109 111 -1.4432899320127e-15
110 111 -1.1102230246252e-15
111 111  0.0000000000000e+00
114 111  5.4119695083333e-02
115 111  2.1633903006667e-01
116 111 -5.6465346666577e-03
123 111 -4.6290138733333e-02
124 111 -1.8480380453334e-01
