% %svd of subdomain1
% ssubdomain_i_k=svds(subdomain_i,k,'smallest');
% 
% %svd of R22_subdomain1
% sR22_subdomain_i_k=svds(R22_subdomain_i,k,'smallest');
% 
% %compare
% compare_mat = [ssubdomain_i_k sR22_subdomain_i_k]


i =
     1
last_k_columns_matrix_i =
  Columns 1 through 8
         636        1975       12053        1454        2126         918        1167        1528
  Columns 9 through 16
        1610        1604        2425        1638        2332         965         886        2617
  Columns 17 through 20
        1392        1620         928        1403
compare_mat =
   3.7672e-02   1.7703e-01
   3.6423e-02   1.6607e-01
   3.2946e-02   1.5961e-01
   2.9165e-02   1.5638e-01
   2.8752e-02   1.4823e-01
   2.7685e-02   1.4571e-01
   2.6889e-02   1.4364e-01
   2.4596e-02   1.3518e-01
   2.2352e-02   1.3068e-01
   2.1692e-02   1.1549e-01
   2.1161e-02   1.1274e-01
   2.1031e-02   1.0020e-01
   1.7807e-02   9.2240e-02
   1.5621e-02   8.7707e-02
   1.4552e-02   6.8218e-02
   1.1175e-02   6.3183e-02
   9.1143e-03   5.0541e-02
   8.2406e-03   4.0884e-02
   4.9307e-03   2.2657e-02
   2.2715e-03   1.0671e-02
   
   i =
     2
last_k_columns_matrix_i =
  Columns 1 through 8
        4096        2736       11969        3569        2903        3940        4517        3560
  Columns 9 through 16
        3477        3467        5167        3458        3746        5033        4117        5160
  Columns 17 through 20
        3316        3277        4060        3311
compare_mat =
   6.5047e-03   3.6753e-02
   6.4507e-03   3.5212e-02
   6.0728e-03   3.0064e-02
   6.0264e-03   2.6681e-02
   5.8376e-03   2.6382e-02
   5.5511e-03   2.4076e-02
   5.2476e-03   2.2337e-02
   4.2541e-03   2.0476e-02
   3.5590e-03   1.8890e-02
   3.4373e-03   1.8215e-02
   3.3853e-03   1.4520e-02
   2.6696e-03   1.2776e-02
   2.5762e-03   1.0885e-02
   1.9002e-03   9.1823e-03
   1.6357e-03   6.9660e-03
   1.4228e-03   5.4176e-03
   8.5604e-04   4.1551e-03
   5.2735e-04   1.9090e-03
   3.1315e-04   1.2825e-03
   8.6000e-05   2.5681e-04

   i =
     3
last_k_columns_matrix_i =
  Columns 1 through 8
        6783        5753        6544        5923        5801        6439        6474        8372
  Columns 9 through 16
        5684        5963        6032        5890        5583        7063        5988        6186
  Columns 17 through 20
        5826        5812        5746        5625
compare_mat =
   7.0152e-03   3.7038e-02
   6.5223e-03   3.5251e-02
   6.3323e-03   3.0442e-02
   6.0781e-03   2.9830e-02
   6.0258e-03   2.9603e-02
   5.6547e-03   2.4364e-02
   5.2949e-03   2.1981e-02
   4.4684e-03   2.0430e-02
   3.9522e-03   1.8566e-02
   3.4402e-03   1.7679e-02
   3.4070e-03   1.5167e-02
   2.7077e-03   1.3094e-02
   2.5970e-03   1.0890e-02
   2.1579e-03   9.8784e-03
   1.6361e-03   6.8932e-03
   1.4254e-03   5.4171e-03
   9.5645e-04   4.5136e-03
   5.2851e-04   1.8697e-03
   3.3008e-04   1.2432e-03
   8.6897e-05   2.5659e-04

   i =
     4
last_k_columns_matrix_i =
  Columns 1 through 8
       11132        9693        8872        9214        9678        8711        8801        9096
  Columns 9 through 16
        9661        9543        9431        9240        9083       10387        9497        8677
  Columns 17 through 20
        9204        9415        9449        9379
compare_mat =
   3.2481e-02   1.6209e-01
   3.1897e-02   1.5554e-01
   3.0437e-02   1.5154e-01
   2.6700e-02   1.4838e-01
   2.5076e-02   1.4057e-01
   2.4550e-02   1.3859e-01
   2.4409e-02   1.3483e-01
   2.3569e-02   1.2513e-01
   2.0560e-02   1.1546e-01
   2.0131e-02   1.0703e-01
   1.8878e-02   1.0383e-01
   1.7924e-02   9.3764e-02
   1.6977e-02   8.7402e-02
   1.4016e-02   8.1929e-02
   1.2199e-02   6.5858e-02
   1.0292e-02   5.6656e-02
   7.9561e-03   4.7595e-02
   7.4175e-03   3.5422e-02
   4.0990e-03   2.0579e-02
   1.9636e-03   9.5650e-03
   
   i =
     5
last_k_columns_matrix_i =
  Columns 1 through 8
       14577       13150       13041       13106       12805       12301       12430       12461
  Columns 9 through 16
       12985       12943       13254       13016       13255       12980       13602       12474
  Columns 17 through 20
       12941       12964       12954       12761
compare_mat =
   3.7672e-02   1.7703e-01
   3.6423e-02   1.6607e-01
   3.2946e-02   1.5961e-01
   2.9165e-02   1.5638e-01
   2.8752e-02   1.4823e-01
   2.7685e-02   1.4571e-01
   2.6889e-02   1.4364e-01
   2.4596e-02   1.3518e-01
   2.2352e-02   1.3068e-01
   2.1692e-02   1.1549e-01
   2.1161e-02   1.1274e-01
   2.1031e-02   1.0020e-01
   1.7807e-02   9.2240e-02
   1.5621e-02   8.7707e-02
   1.4552e-02   6.8218e-02
   1.1175e-02   6.3183e-02
   9.1143e-03   5.0541e-02
   8.2406e-03   4.0884e-02
   4.9307e-03   2.2657e-02
   2.2715e-03   1.0671e-02

   
   i =
     6
last_k_columns_matrix_i =
  Columns 1 through 8
       17274       16386       15995       16121       16265       16964       16765       16733
  Columns 9 through 16
       16023       16319       17069       16308       17055       16393       15744       16675
  Columns 17 through 20
       16310       16354       16085       16034
compare_mat =
   6.5047e-03   3.6753e-02
   6.4507e-03   3.5212e-02
   6.0728e-03   3.0064e-02
   6.0264e-03   2.6681e-02
   5.8376e-03   2.6382e-02
   5.5511e-03   2.4076e-02
   5.2476e-03   2.2337e-02
   4.2541e-03   2.0476e-02
   3.5590e-03   1.8890e-02
   3.4373e-03   1.8215e-02
   3.3853e-03   1.4520e-02
   2.6696e-03   1.2776e-02
   2.5762e-03   1.0885e-02
   1.9002e-03   9.1823e-03
   1.6357e-03   6.9660e-03
   1.4228e-03   5.4176e-03
   8.5604e-04   4.1551e-03
   5.2735e-04   1.9090e-03
   3.1315e-04   1.2825e-03
   8.6000e-05   2.5681e-04

i =
     7
last_k_columns_matrix_i =
  Columns 1 through 8
       19964       19261       24066       19942       20310       17684       19238       19655
  Columns 9 through 16
       17997       17920       19272       19033       19562       20235       20363       19435
  Columns 17 through 20
       19418       17909       19426       17886
compare_mat =
   7.0152e-03   3.7038e-02
   6.5223e-03   3.5251e-02
   6.3323e-03   3.0442e-02
   6.0781e-03   2.9830e-02
   6.0258e-03   2.9603e-02
   5.6547e-03   2.4364e-02
   5.2949e-03   2.1981e-02
   4.4684e-03   2.0430e-02
   3.9522e-03   1.8566e-02
   3.4402e-03   1.7679e-02
   3.4070e-03   1.5167e-02
   2.7077e-03   1.3094e-02
   2.5970e-03   1.0890e-02
   2.1579e-03   9.8784e-03
   1.6361e-03   6.8932e-03
   1.4254e-03   5.4171e-03
   9.5645e-04   4.5136e-03
   5.2851e-04   1.8697e-03
   3.3008e-04   1.2432e-03
   8.6897e-05   2.5659e-04
   
   
   i =
     8
last_k_columns_matrix_i =
  Columns 1 through 8
       22121       22672       24145       22314       22486       21167       22593       22664
  Columns 9 through 16
       21359       21495       22549       21627       23037       22089       23131       22754
  Columns 17 through 20
       22774       21447       22882       23276
