
%saylr4
% long
iter0 =
        1579
relres0 =
   9.2649e-07
iterDef =
   132
relresDef =
   9.6653e-07
iterBlockJ =
   312
relresBlockJ =
   9.8778e-07
iterMixed =
   336
relresMixed =
   9.0492e-07
   
   

%crystk03
% M1^-1 + M2^-1 - M2^-1*A*M1^-1

compare_mat =
   1.5985e-03   1.5985e-03   1.4782e-02   3.6234e-03   6.0651e-03   6.4170e-02
   1.5916e-03   1.5916e-03   1.4134e-02   3.5013e-03   5.9647e-03   6.1772e-02
   1.4556e-03   1.4556e-03   1.4033e-02   3.3852e-03   5.7562e-03   5.6375e-02
   1.4012e-03   1.4012e-03   1.2734e-02   3.3016e-03   5.5787e-03   5.5735e-02
   1.2849e-03   1.2849e-03   1.1874e-02   3.2723e-03   5.4249e-03   5.3474e-02
   1.2296e-03   1.2296e-03   1.1345e-02   3.2194e-03   5.2194e-03   5.2710e-02
   1.1328e-03   1.1328e-03   1.1183e-02   3.1475e-03   5.1170e-03   5.1622e-02
   1.0733e-03   1.0733e-03   1.1104e-02   3.0828e-03   4.9541e-03   4.8579e-02
   9.8718e-04   9.8718e-04   1.0918e-02   3.0347e-03   4.8740e-03   4.7839e-02
   9.8265e-04   9.8265e-04   1.0457e-02   2.9928e-03   4.6424e-03   4.6347e-02
   9.3874e-04   9.3874e-04   9.6625e-03   2.9751e-03   4.6248e-03   3.9838e-02
   8.4879e-04   8.4879e-04   9.4292e-03   2.8737e-03   4.3936e-03   3.9382e-02
   8.1060e-04   8.1060e-04   8.8979e-03   2.8036e-03   4.2301e-03   3.8104e-02
   7.9984e-04   7.9984e-04   8.6158e-03   2.7574e-03   3.9762e-03   3.5076e-02
   7.8686e-04   7.8686e-04   7.6099e-03   2.7253e-03   3.7504e-03   3.4071e-02
   6.5647e-04   6.5647e-04   7.1088e-03   2.6088e-03   3.7017e-03   3.0818e-02
   5.9916e-04   5.9916e-04   6.8648e-03   2.5972e-03   3.5183e-03   2.8457e-02
   5.7348e-04   5.7348e-04   6.1362e-03   2.5188e-03   3.3105e-03   2.7448e-02
   5.2561e-04   5.2561e-04   5.5162e-03   2.4917e-03   3.0287e-03   2.4421e-02
   4.9834e-04   4.9834e-04   5.4722e-03   2.3794e-03   2.8983e-03   2.1676e-02
   4.9668e-04   4.9668e-04   4.8682e-03   2.3549e-03   2.8138e-03   2.0818e-02
   4.9497e-04   4.9497e-04   4.6490e-03   2.3118e-03   2.7217e-03   1.7367e-02
   4.6726e-04   4.6726e-04   4.4050e-03   2.1836e-03   2.4657e-03   1.6216e-02
   4.1440e-04   4.1440e-04   4.2623e-03   2.1025e-03   2.2141e-03   1.4515e-02
   3.9216e-04   3.9216e-04   3.3119e-03   2.0531e-03   2.0885e-03   1.4073e-02
   2.7883e-04   2.7883e-04   3.0483e-03   2.0305e-03   2.0191e-03   1.2574e-02
   2.7277e-04   2.7277e-04   2.7885e-03   1.9390e-03   1.9868e-03   1.1848e-02
   2.6725e-04   2.6725e-04   2.6904e-03   1.7949e-03   1.7365e-03   9.3018e-03
   2.3429e-04   2.3429e-04   2.5115e-03   1.7280e-03   1.6131e-03   8.1768e-03
   2.0386e-04   2.0386e-04   2.4128e-03   1.6701e-03   1.5060e-03   6.4628e-03
   2.0342e-04   2.0342e-04   1.7169e-03   1.5939e-03   1.4315e-03   5.7716e-03
   1.6835e-04   1.6835e-04   1.6378e-03   1.5258e-03   1.2886e-03   5.0235e-03
   1.3005e-04   1.3005e-04   1.2188e-03   1.4449e-03   1.1996e-03   4.7219e-03
   9.6260e-05   9.6260e-05   1.1649e-03   1.3733e-03   9.5523e-04   4.3778e-03
   9.2788e-05   9.2788e-05   9.2463e-04   1.3127e-03   9.2671e-04   3.7534e-03
   6.3105e-05   6.3105e-05   7.8504e-04   1.2582e-03   8.6803e-04   2.3770e-03
   5.8562e-05   5.8562e-05   4.6532e-04   1.2250e-03   7.7760e-04   1.6411e-03
   5.8247e-05   5.8247e-05   3.7730e-04   1.1658e-03   7.5068e-04   1.5728e-03
   4.9657e-05   4.9657e-05   3.5931e-04   1.0809e-03   6.8871e-04   1.0167e-03
   2.5040e-05   2.5040e-05   3.2262e-04   1.0218e-03   5.6125e-04   9.7232e-04
   2.0160e-05   2.0160e-05   1.7933e-04   9.5673e-04   4.9978e-04   4.0453e-04
   7.5145e-06   7.5145e-06   9.6114e-05   8.1186e-04   4.0507e-04   2.4670e-04
   7.4408e-06   7.4408e-06   4.8259e-05   7.5667e-04   3.1389e-04   8.3766e-05
   1.3439e-06   1.3439e-06   1.8320e-05   6.3372e-04   2.7050e-04   1.6176e-05
   1.6995e-15   1.4270e-15   7.3376e-14   6.2068e-04   1.6786e-04   1.1466e-14
   1.0470e-15   9.6861e-16   6.4865e-14   5.2386e-04   1.4175e-04   9.5235e-15
   7.4806e-16   9.3289e-16   3.3363e-14   5.0327e-04   1.0489e-04   7.8470e-15
   5.5264e-16   3.8750e-16   4.6981e-15   3.3472e-04   7.7573e-05   7.8094e-15
   3.4317e-16   3.3638e-16   3.6027e-15   2.9252e-04   2.6729e-05   4.0792e-15
   2.7525e-16   3.1275e-16   3.0926e-15   2.6463e-04   1.3357e-06   3.2694e-15
